	track	direction	distance	weather	going	start_at	title	grade	date	round	place	days	requirement	rule	単勝:的中	単勝:配当	単勝:人気	複勝_1:的中	複勝_1:配当	複勝_1:人気	複勝_2:的中	複勝_2:配当	複勝_2:人気	複勝_3:的中	複勝_3:配当	複勝_3:人気	枠連:的中	枠連:配当	枠連:人気	馬連:的中	馬連:配当	馬連:人気	ワイド_1:的中	ワイド_1:配当	ワイド_1:人気	ワイド_2:的中	ワイド_2:配当	ワイド_2:人気	ワイド_3:的中	ワイド_3:配当	ワイド_3:人気	馬単:的中	馬単:配当	馬単:人気	三連複:的中	三連複:配当	三連複:人気	spacing_on_corner:1	spacing_on_corner:2	spacing_on_corner:3	spacing_on_corner:4	laptime	pacemaker
200201010101	ダ	右	1700	曇	重	09:55	3歳未勝利		2002-8-10	1	札幌	1	3歳未勝利	牝[指](馬齢)	4	180	1	4	110	1	6	230	5	2	120	2	4-5	770	3	4-6	1040.0	3.0	4-6	410	4.0	2-4	130	1.0	2-6	610	7.0	4=>6	1450	3	2-4-6	990	1	13(6,10)(4,12)(9,11)(3,8)(2,7)1,5	13(6,10)(4,12)9(3,11)7,8,2,1,5	(*13,6)10(4,12)(3,9)(7,11,2)-(8,1)=5	(*13,6)4,10-2,9,12,3(7,11)1=8,5	7.0 - 11.4 - 12.4 - 13.0 - 13.0 - 12.4 - 12.5 - 12.9 - 13.0	7.0 - 18.4 - 30.8 - 43.8 - 56.8 - 69.2 - 81.7 - 94.6 - 107.6 (30.8-38.4)
200201010102	ダ	右	1000	曇	重	10:20	3歳未勝利		2002-8-10	1	札幌	1	3歳未勝利	[指](馬齢)	11	1230	5	11	440	5	2	240	4	3	770	6	2-8	950	4	2-11	4160.0	11.0	2-11	1,240	10.0	3-11	4,480	32.0	2-3	2,890	22.0	11=>2	10780	25	2-3-11	35950	70			11(5,12)-(2,10)-(6,8)(1,9)3-4,7	11(5,12)-(2,10)-1(8,9)3,6,4-7	12.5 - 10.7 - 11.5 - 12.0 - 13.2	12.5 - 23.2 - 34.7 - 46.7 - 59.9 (34.7-36.7)
200201010103	ダ	右	1700	曇	重	10:45	3歳未勝利		2002-8-10	1	札幌	1	3歳未勝利	[指](馬齢)	11	510	2	11	180	2	7	150	1	1	220	4	5-7	590	1	7-11	1040.0	1.0	7-11	430	2.0	1-11	950	10.0	1-7	590	4.0	11=>7	2190	3	1-7-11	2980	3	10(11,13)(2,7)(5,8)(1,12)3,9(4,6)	10(11,13)(2,7)(5,8)(1,12)3-9-(4,6)	(*10,11)(2,7,13)8(1,5)(9,3)12=6-4	(10,*11,7)-(2,1)(5,13,8)9=3(6,12)=4	6.7 - 11.9 - 12.1 - 12.0 - 12.5 - 12.6 - 12.9 - 13.0 - 13.0	6.7 - 18.6 - 30.7 - 42.7 - 55.2 - 67.8 - 80.7 - 93.7 - 106.7 (30.7-38.9)
200201010104	芝	右	1000	曇	稍重	11:15	2歳新馬		2002-8-10	1	札幌	1	2歳新馬	[指](馬齢)	13	750	3	13	220	4	5	210	3	1	540	7	4-8	2230	7	5-13	2140.0	7.0	5-13	600	5.0	1-13	2,100	21.0	1-5	1,890	17.0	13=>5	4650	16	1-5-13	10330	31			(1,*10)(3,13)(2,5)(7,8)-4(9,11)-6=12	(*1,10)13,3,5-2(7,8)(4,11)9-6=12	12.5 - 10.7 - 11.1 - 11.9 - 11.5	12.5 - 23.2 - 34.3 - 46.2 - 57.7 (34.3-34.5)
200201010105	芝	右	1800	曇	稍重	12:15	2歳新馬		2002-8-10	1	札幌	1	2歳新馬	(混)[指](馬齢)	1	4230	9	1	860	9	9	150	1	14	730	8	1-6	5640	19	1-9	5380.0	17.0	1-9	2,090	19.0	1-14	7,450	49.0	9-14	1,680	12.0	1=>9	17450	46	1-9-14	30130	69	(10,*4,9)11(1,6,13)(12,14)5,7,3,2,8	4,9(10,11)(6,13)(1,12,14)(5,7)3,2,8	(*4,9,13)(10,14,3)(1,6,11,12,7)(5,8)2	(*4,9)(13,3)1(10,14)11(12,7)-(8,6,2)5	12.5 - 12.2 - 13.1 - 13.1 - 13.3 - 12.4 - 12.2 - 12.5 - 12.3	12.5 - 24.7 - 37.8 - 50.9 - 64.2 - 76.6 - 88.8 - 101.3 - 113.6 (37.8-37.0)
200201010106	芝	右	2000	曇	稍重	12:45	3歳未勝利		2002-8-10	1	札幌	1	3歳未勝利	(混)[指](馬齢)	3	270	1	3	140	1	6	210	4	9	210	3	2-4	570	1	3-6	1230.0	2.0	3-6	490	2.0	3-9	550	4.0	6-9	690	7.0	3=>6	1850	2	3-6-9	2530	3	(6,*9)15(2,7,13)10(11,12)(4,8,14)3-(1,5)	(6,*9)(7,15)(12,13)(2,10)(11,8,14)(4,3)5,1	9(6,15)(12,13,3)(7,14)10(2,11)(8,5)4,1	(*9,3)(6,15)(12,14)(7,10,5)(2,13,11,1)(4,8)	13.2 - 11.2 - 11.9 - 12.4 - 12.3 - 12.5 - 12.2 - 12.4 - 12.4 - 12.4	13.2 - 24.4 - 36.3 - 48.7 - 61.0 - 73.5 - 85.7 - 98.1 - 110.5 - 122.9 (36.3-37.2)
200201010107	ダ	右	1000	曇	重	13:15	3歳以上500万下		2002-8-10	1	札幌	1	3歳以上500万下	(特指)(別定)	3	360	2	3	150	2	8	130	1	7	340	7	3-6	540	1	3-8	660.0	1.0	3-8	230	1.0	3-7	680	9.0	7-8	820	10.0	3=>8	1170	2	3-7-8	2720	6			(2,*8)7,12,3(5,9,11)-10(4,6)-1	8,2(3,7)12(4,5)(10,9,11)6,1	12.4 - 10.7 - 11.4 - 12.3 - 12.5	12.4 - 23.1 - 34.5 - 46.8 - 59.3 (34.5-36.2)
200201010108	ダ	右	1700	曇	重	13:45	3歳以上500万下		2002-8-10	1	札幌	1	3歳以上500万下	[指](別定)	10	3480	10	10	520	7	5	120	1	7	410	5	4-7	770	3	5-10	2040.0	8.0	5-10	830	7.0	7-10	4,470	42.0	5-7	680	5.0	10=>5	6700	19	5-7-10	8650	27	2,5(1,4,12)(8,11)10-7,3-(6,13) 9	2,5(1,12,8)(4,11)10-7,3,13,6 9	2(1,5,8)(4,12,11)10-(3,7,13)6 9	(*2,10)(1,5,11)(4,12)8(3,7,13)6 9	6.7 - 11.4 - 12.5 - 12.8 - 12.7 - 12.2 - 12.8 - 12.6 - 13.1	6.7 - 18.1 - 30.6 - 43.4 - 56.1 - 68.3 - 81.1 - 93.7 - 106.8 (30.6-38.5)
200201010109	芝	右	2600	曇	良	14:20	3歳以上500万下		2002-8-10	1	札幌	1	3歳以上500万下	(混)(特指)(別定)	10	1250	4	10	260	4	6	150	2	4	2,220	12	4-6	320	1	6-10	1570.0	6.0	6-10	570	5.0	4-10	15,590	65.0	4-6	6,780	48.0	10=>6	4000	14	4-6-10	48050	104	13,14(9,12)(7,11)(5,10)3,2(4,1)-6 8	13,14(9,12)(11,10)7,5(3,2,1)4,6 8	13(14,12)9(10,5)(7,11,6)1,2(3,4) 8	13(14,12,10)(9,5)(7,6,1)(3,2,4)-11 8	13.1 - 12.4 - 13.2 - 13.2 - 12.0 - 13.2 - 13.6 - 13.7 - 13.3 - 12.1 - 11.9 - 12.1 - 11.7	13.1 - 25.5 - 38.7 - 51.9 - 63.9 - 77.1 - 90.7 - 104.4 - 117.7 - 129.8 - 141.7 - 153.8 - 165.5 (38.7-35.7)
200201010110	芝	右	1500	曇	良	14:55	手稲山特別 		2002-8-10	1	札幌	1	3歳以上500万下	(混)[指](別定)	12	1090	5	12	360	7	9	280	5	6	190	3	7-8	890	5	9-12	5330.0	22.0	9-12	1,730	27.0	6-12	890	12.0	6-9	530	4.0	12=>9	10350	44	6-9-12	7430	27		11(5,8,12)(4,7,9)(1,2,6,10)-3	11,12(5,7,9)8(2,6,10)4,1-3	11,12(5,7,9)8,6(4,2,10)1-3	6.8 - 11.6 - 11.7 - 12.2 - 12.1 - 11.8 - 12.0 - 11.8	6.8 - 18.4 - 30.1 - 42.3 - 54.4 - 66.2 - 78.2 - 90.0 (30.1-35.6)
200201010111	芝	右	1200	曇	良	15:30	キーンランドカップ 		2002-8-10	1	札幌	1	3歳以上1000万下	(混)[指](ハンデ)	1	180	1	1	120	1	6	190	2	12	310	5	1-5	470	1	1-6	700.0	1.0	1-6	270	1.0	1-12	570	4.0	6-12	1,100	14.0	1=>6	860	1	1-6-12	2290	3			1(2,4,12)6,3(13,11)(5,9)(10,7)8	1(2,4,12)(6,3)13(5,9,11)(7,8)10	12.2 - 11.1 - 11.2 - 11.6 - 11.6 - 11.8	12.2 - 23.3 - 34.5 - 46.1 - 57.7 - 69.5 (34.5-35.0)
200201010112	ダ	右	1700	曇	重	16:10	羊蹄山特別 		2002-8-10	1	札幌	1	3歳以上1000万下	(混)(特指)(別定)	3	1000	3	3	320	4	8	320	5	10	310	3	3-6	1050	4	3-8	5430.0	17.0	3-8	1,580	15.0	3-10	1,980	20.0	8-10	2,220	23.0	3=>8	12080	35	3-8-10	17300	58	(*3,5)13(2,6)-(7,8)(4,10)(1,11,12)9	3(2,5)13,6,8(1,7,10,11,12)4-9	(*3,13)8(10,11)(5,7,12)(2,6)(1,4,9)	3,13,8,10,7-2(5,6,11,9)(1,4,12)	6.9 - 11.2 - 12.2 - 13.1 - 12.8 - 11.9 - 12.3 - 12.4 - 12.7	6.9 - 18.1 - 30.3 - 43.4 - 56.2 - 68.1 - 80.4 - 92.8 - 105.5 (30.3-37.4)
200201010201	ダ	右	1000	曇	稍重	09:55	3歳未勝利		2002-8-11	1	札幌	2	3歳未勝利	[指](馬齢)	6	250	1	6	130	1	9	3,860	11	7	770	7	5-7	480	2	6-9	35260.0	33.0	6-9	7,480	32.0	6-7	1,620	14.0	7-9	22,120	55.0	6=>9	29200	45	6-7-9	155290	126			9(6,7)3(2,10)5(8,12)(1,4)-11	(*9,6)(3,7)(2,10)-(8,5)12(1,4)-11	12.8 - 11.2 - 11.9 - 12.1 - 12.7	12.8 - 24.0 - 35.9 - 48.0 - 60.7 (35.9-36.7)
200201010202	ダ	右	1700	曇	稍重	10:20	3歳未勝利		2002-8-11	1	札幌	2	3歳未勝利	(混)[指](馬齢)	13	120	1	13	110	1	7	330	6	12	210	4	5-8	500	3	7-13	1210.0	6.0	7-13	530	6.0	12-13	330	3.0	7-12	2,210	22.0	13=>7	1490	6	7-12-13	4110	14	(*3,4)7(12,10)13,2(1,5)6(8,9,11)	(3,*10)4,7(12,13)(2,5,6)(1,8)(9,11)	3(10,4,7,13)(12,6)-2(8,1)-5(9,11)	3(4,13)(10,12,7,6)2-1,9-8,11-5	6.7 - 11.3 - 13.0 - 12.7 - 13.2 - 12.8 - 12.5 - 12.8 - 12.5	6.7 - 18.0 - 31.0 - 43.7 - 56.9 - 69.7 - 82.2 - 95.0 - 107.5 (31.0-37.8)
200201010203	芝	右	1200	曇	良	10:45	3歳未勝利		2002-8-11	1	札幌	2	3歳未勝利	(混)[指](馬齢)	8	580	3	8	200	3	16	140	2	6	2,770	14	4-8	240	1	8-16	810.0	2.0	8-16	330	2.0	6-8	7,150	52.0	6-16	4,190	34.0	8=>16	1940	6	6-8-16	32170	75			16(9,14)8,10(2,7)(1,12)(3,6,13)(5,11)4,15	(*16,9,14)8(10,7)2(6,13)(1,3,11)(5,12)4,15	12.4 - 10.8 - 11.6 - 11.8 - 12.1 - 12.2	12.4 - 23.2 - 34.8 - 46.6 - 58.7 - 70.9 (34.8-36.1)
200201010204	ダ	右	1000	曇	稍重	11:15	2歳新馬		2002-8-11	1	札幌	2	2歳新馬	[指](馬齢)	1	180	1	1	110	1	10	190	3	9	820	10	1-7	640	3	1-10	670.0	3.0	1-10	310	2.0	1-9	2,360	27.0	9-10	4,570	43.0	1=>10	990	3	1-9-10	14040	45			1(7,10)9(2,8)6-11,12-(4,3)5	1,10,7-9(8,6)-2-12,11-3-4-5	12.9 - 11.1 - 12.0 - 11.9 - 12.6	12.9 - 24.0 - 36.0 - 47.9 - 60.5 (36.0-36.5)
200201010205	芝	右	1200	曇	良	12:15	2歳新馬		2002-8-11	1	札幌	2	2歳新馬	(混)[指](馬齢)	9	640	3	9	210	3	15	390	7	6	130	1	5-8	2120	11	9-15	5620.0	20.0	9-15	1,580	19.0	6-9	340	2.0	6-15	910	10.0	9=>15	8670	34	6-9-15	5010	13			(*13,15)(11,9)-2(10,14,16)-(6,12,5)(7,8)(1,4,3)	(13,*15,9)-11(2,10)(6,14,16)(12,5)-8-3-(7,1)4	12.2 - 10.8 - 11.2 - 11.8 - 12.6 - 12.2	12.2 - 23.0 - 34.2 - 46.0 - 58.6 - 70.8 (34.2-36.6)
200201010206	ダ	右	1700	曇	稍重	12:45	3歳以上500万下		2002-8-11	1	札幌	2	3歳以上500万下	牝[指](別定)	5	200	1	5	110	1	13	540	9	10	240	4	4-8	1020	5	5-13	2820.0	11.0	5-13	1,000	11.0	5-10	490	4.0	10-13	1,940	25.0	5=>13	3510	12	5-10-13	6620	26	7,13(8,12)10(5,9)-4,11,6,2,3-1	7,13(8,12)(5,10)9-4,11,2,6,3-1	7,13,12(8,5,10)4,9(11,2)-3-1-6	7,13(5,10)(12,2)(4,11)-(8,3)-9-1-6	7.0 - 11.3 - 12.4 - 12.5 - 12.9 - 12.7 - 12.4 - 12.9 - 13.5	7.0 - 18.3 - 30.7 - 43.2 - 56.1 - 68.8 - 81.2 - 94.1 - 107.6 (30.7-38.8)
200201010207	ダ	右	1000	曇	稍重	13:15	3歳以上500万下		2002-8-11	1	札幌	2	3歳以上500万下	(混)[指](別定)	3	610	3	3	290	3	12	300	4	10	400	7	3-8	4470	21	3-12	4120.0	20.0	3-12	1,580	21.0	3-10	920	14.0	10-12	1,600	22.0	3=>12	9740	42	3-10-12	10150	46			7,12(2,3,10)6-(5,8,9)11(1,4)	7(12,10)(2,3)-5,9(8,6)(1,11)-4	12.4 - 10.7 - 11.8 - 12.0 - 12.3	12.4 - 23.1 - 34.9 - 46.9 - 59.2 (34.9-36.1)
200201010208	芝	右	1200	晴	良	13:45	3歳以上500万下		2002-8-11	1	札幌	2	3歳以上500万下	(特指)(別定)	1	2240	9	1	530	8	16	830	10	13	180	2	1-8	12600	30	1-16	44810.0	85.0	1-16	10,850	84.0	1-13	1,540	16.0	13-16	3,000	32.0	1=>16	111440	175	1-13-16	93850	240			4(5,8,11)(3,6,16,14)(1,2,7,13)-(9,12)15-10	(4,*5,11)-(8,16)(2,14)(6,13)(1,7)(9,12,15)3,10	12.3 - 10.9 - 11.1 - 11.3 - 12.1 - 12.5	12.3 - 23.2 - 34.3 - 45.6 - 57.7 - 70.2 (34.3-35.9)
200201010209	芝	右	2600	晴	良	14:20	支笏湖特別 		2002-8-11	1	札幌	2	3歳以上1000万下	(混)[指](別定)	9	280	2	9	160	2	2	360	5	8	1,470	9	2-8	1860	7	2-9	1950.0	7.0	2-9	680	7.0	8-9	1,990	20.0	2-8	6,290	34.0	9=>2	2620	10	2-8-9	20520	49	9,1,7(2,6)(5,3,4)8	9,1,7(2,6)5(3,4)8	9,1(2,7)(5,6)(8,3,4)	9(1,7)(2,5)(3,4,6)8	13.3 - 12.0 - 12.4 - 13.0 - 12.0 - 13.1 - 13.3 - 12.8 - 12.9 - 12.1 - 11.8 - 11.8 - 11.9	13.3 - 25.3 - 37.7 - 50.7 - 62.7 - 75.8 - 89.1 - 101.9 - 114.8 - 126.9 - 138.7 - 150.5 - 162.4 (37.7-35.5)
200201010210	ダ	右	1700	曇	良	14:55	えりも特別 		2002-8-11	1	札幌	2	3歳以上500万下	(混)[指](別定)	13	170	1	13	110	1	5	390	5	6	250	4	4-8	1440	6	5-13	1960.0	6.0	5-13	780	6.0	6-13	370	3.0	5-6	2,230	23.0	13=>5	2750	8	5-6-13	5570	15	8,5(1,13,9)6,3,2,12(4,10)11-7	8-5(1,13)9,6-(2,3)12,10(4,11)7	(*8,5,13)(1,2,6)9,12-(4,10)(7,3,11)	(*5,13)-6(1,2,9)12-(4,10)7,11-8-3	6.8 - 11.3 - 11.7 - 12.1 - 12.9 - 13.7 - 12.8 - 12.1 - 11.9	6.8 - 18.1 - 29.8 - 41.9 - 54.8 - 68.5 - 81.3 - 93.4 - 105.3 (29.8-36.8)
200201010211	芝	右	1800	曇	良	15:30	クイーンステークス	G3	2002-8-11	1	札幌	2	3歳以上オープン	(混)	1	2260	7	1	630	8	7	170	2	5	930	11	1-5	2540	9	1-7	3880.0	17.0	1-7	1,510	17.0	1-5	4,630	44.0	5-7	2,060	23.0	1=>7	11250	39	1-5-7	34670	94	(*6,13)-11-(1,2,7)10,9,4(12,14)(5,8)-3	(*6,13)-11(1,2)(9,7)10(4,12)14,8(5,3)	6,13-(1,2)(11,9)7,10(12,4)14,8(5,3)	(*1,2)(6,9)(11,7)4(12,13,14,10)(5,3)8	12.1 - 11.0 - 11.3 - 11.5 - 12.2 - 12.5 - 12.5 - 12.6 - 12.4	12.1 - 23.1 - 34.4 - 45.9 - 58.1 - 70.6 - 83.1 - 95.7 - 108.1 (34.4-37.5)
200201010212	芝	右	1800	曇	良	16:10	大倉山特別 		2002-8-11	1	札幌	2	3歳以上1000万下	(混)	5	640	4	5	180	4	10	160	2	8	150	1	5-8	1250	6	5-10	1630.0	8.0	5-10	510	7.0	5-8	510	6.0	8-10	270	1.0	5=>10	3130	14	5-8-10	2030	3	5(6,10)8(3,7)9,11(1,2)-4	(*5,10)-(6,8)3(7,9)11(1,2)-4	5,10(3,6)(7,8)(11,9)1,2,4	5,10,6(3,7,8)11,1,2,4-9	13.0 - 12.0 - 12.5 - 12.5 - 12.7 - 12.2 - 11.8 - 11.7 - 11.3	13.0 - 25.0 - 37.5 - 50.0 - 62.7 - 74.9 - 86.7 - 98.4 - 109.7 (37.5-34.8)
200201010301	芝	右	1200	晴	良	09:55	2歳未勝利		2002-8-17	1	札幌	3	2歳未勝利	(混)[指](馬齢)	13	2220	8	13	600	8	11	970	10	9	140	1	7-8	7640	21	11-13	23330.0	48.0	11-13	5,750	49.0	9-13	2,210	23.0	9-11	3,200	31.0	13=>11	82310	113	9-11-13	42700	111			(*9,11,12)8(1,3,4)5(2,10,6)13,7-14	(*9,11,12)-(8,3,4)5(1,10)(2,13,6)-7-14	12.3 - 11.2 - 11.5 - 11.6 - 12.0 - 12.2	12.3 - 23.5 - 35.0 - 46.6 - 58.6 - 70.8 (35.0-35.8)
200201010302	ダ	右	1000	晴	良	10:20	3歳未勝利		2002-8-17	1	札幌	3	3歳未勝利	牝[指](馬齢)	8	340	2	8	150	2	3	150	3	2	460	7	3-6	490	3	3-8	570.0	1.0	3-8	240	1.0	2-8	940	11.0	2-3	1,110	13.0	8=>3	1130	2	2-3-8	3920	11			(*1,8)(2,5,6,10,11)7(3,9)(4,12)	(*1,8)(2,6,10)(5,3,11)9,7,4,12	12.7 - 11.1 - 12.0 - 12.6 - 12.4	12.7 - 23.8 - 35.8 - 48.4 - 60.8 (35.8-37.0)
200201010303	ダ	右	1700	晴	良	10:45	3歳未勝利		2002-8-17	1	札幌	3	3歳未勝利	[指](馬齢)	7	300	1	7	130	2	3	140	3	1	220	4	3-5	460	1	3-7	500.0	1.0	3-7	210	1.0	1-7	570	5.0	1-3	430	4.0	7=>3	880	1	1-3-7	1240	2	12(7,10)(3,11)-4(2,1,9,13)5-8=6	12(7,10)(3,11)(2,1,4)13,5,9,8=6	12(7,10)-(3,11)(1,4)-(2,9)5,8,13-6	(12,*7)3(1,10)-4,11,9(2,8)-5(13,6)	6.6 - 11.1 - 12.7 - 12.9 - 13.0 - 12.6 - 12.8 - 13.0 - 13.0	6.6 - 17.7 - 30.4 - 43.3 - 56.3 - 68.9 - 81.7 - 94.7 - 107.7 (30.4-38.8)
200201010304	ダ	右	1000	晴	良	11:15	2歳500万下		2002-8-17	1	札幌	3	2歳500万下	(混)(特指)(馬齢)	4	270	1	4	150	1	5	490	7	1	1,840	10	4-5	580	2	4-5	2050.0	9.0	4-5	810	8.0	1-4	3,180	32.0	1-5	13,910	59.0	4=>5	3280	14	1-4-5	56680	112			(*5,7)(8,9)(10,12)(4,1,6)3,2-11	5,7(4,1,8,9)6-12(3,10,2)-11	12.8 - 11.2 - 11.8 - 12.3 - 12.5	12.8 - 24.0 - 35.8 - 48.1 - 60.6 (35.8-36.6)
200201010305	芝	右	1000	晴	良	12:15	2歳新馬		2002-8-17	1	札幌	3	2歳新馬	牝[指](馬齢)	14	910	5	14	310	5	11	460	6	8	120	1	7-8	2060	9	11-14	9180.0	30.0	11-14	2,960	32.0	8-14	660	7.0	8-11	1,150	9.0	14=>11	22030	63	8-11-14	10950	33			(8,*14)7(10,13)(1,5)3(2,11)-(4,6,12)9	8,14(7,13)5,11(3,10)(1,2)(4,6,12)-9	12.6 - 11.0 - 11.2 - 11.8 - 11.7	12.6 - 23.6 - 34.8 - 46.6 - 58.3 (34.8-34.7)
200201010306	芝	右	1800	晴	良	12:50	3歳未勝利		2002-8-17	1	札幌	3	3歳未勝利	(混)[指](馬齢)	10	210	1	10	130	1	8	870	10	14	470	8	5-6	1370	6	8-10	6030.0	25.0	8-10	1,920	22.0	10-14	900	8.0	8-14	7,150	58.0	10=>8	7520	25	8-10-14	22630	77	5,6(1,12)(4,14)2-9,13(3,7,8)(10,11)	5-6(1,12)(4,14)2-(3,9,13)(11,10)(7,8)	5,6(1,12)(4,14)(2,11)(3,13,10)(7,8)9	5,6(1,12)(4,14)(2,11,10)(3,13,8)7-9	12.7 - 11.9 - 12.7 - 13.0 - 12.9 - 12.0 - 11.9 - 12.2 - 11.8	12.7 - 24.6 - 37.3 - 50.3 - 63.2 - 75.2 - 87.1 - 99.3 - 111.1 (37.3-35.9)
200201010307	ダ	右	1700	晴	良	13:15	3歳以上500万下		2002-8-17	1	札幌	3	3歳以上500万下	(父)[指](別定)	4	220	1	4	130	1	3	190	3	9	600	7	3-4	750	3	3-4	680.0	1.0	3-4	310	2.0	4-9	860	11.0	3-9	2,790	29.0	4=>3	1150	3	3-4-9	5980	14	5,13-12(10,8)11(3,6)9(4,7)-(2,1)	5,13=12(10,8)11(6,9,4)(3,7)-1,2	(5,13,8,*9,4)(10,12,7)(6,11,1)3,2	(8,*9,4)-(12,3)10(13,6)(2,1)11(5,7)	6.9 - 11.1 - 12.0 - 12.7 - 13.2 - 13.4 - 12.7 - 12.7 - 12.7	6.9 - 18.0 - 30.0 - 42.7 - 55.9 - 69.3 - 82.0 - 94.7 - 107.4 (30.0-38.1)
200201010308	ダ	右	2400	晴	良	13:45	3歳以上500万下		2002-8-17	1	札幌	3	3歳以上500万下	(混)[指](別定)	8	730	3	8	130	2	12	110	1	11	130	3	6-8	330	1	8-12	670.0	2.0	8-12	240	2.0	8-11	370	3.0	11-12	210	1.0	8=>12	1760	6	8-11-12	920	1	7,11(6,12)8(2,4)-(1,5)3-(9,10)	7-11(6,12)8(2,4)-(1,5)9,3,10	(*7,11,12)4(6,8)-(5,9)2(1,3)-10	(*11,12)8(6,4)-9(5,3)7,1,2=10	13.9 - 12.4 - 13.1 - 12.9 - 13.0 - 13.7 - 13.8 - 13.8 - 13.2 - 12.7 - 12.6 - 12.5	13.9 - 26.3 - 39.4 - 52.3 - 65.3 - 79.0 - 92.8 - 106.6 - 119.8 - 132.5 - 145.1 - 157.6 (39.4-37.8)
200201010309	芝	右	1200	晴	良	14:20	3歳以上500万下		2002-8-17	1	札幌	3	3歳以上500万下	(混)(特指)(別定)	5	550	3	5	210	3	2	170	2	6	2,620	15	1-3	1240	5	2-5	1200.0	3.0	2-5	480	3.0	5-6	8,440	75.0	2-6	6,990	70.0	5=>2	2540	6	2-5-6	48680	144			(*6,11)13(3,2,15)5(9,10)(7,12,14,16)(4,8)1	(*6,11)13(2,15)(3,5)-(7,9,10)16,14-12(4,8)1	12.0 - 11.0 - 11.3 - 11.4 - 11.9 - 12.2	12.0 - 23.0 - 34.3 - 45.7 - 57.6 - 69.8 (34.3-35.5)
200201010310	芝	右	1800	晴	良	14:55	十勝岳特別 		2002-8-17	1	札幌	3	3歳以上500万下	(混)[指](別定)	6	340	2	6	120	2	14	160	3	9	110	1	4-8	690	2	6-14	1300.0	4.0	6-14	330	2.0	6-9	170	1.0	9-14	350	3.0	6=>14	2250	6	6-9-14	1180	1	(*10,6)(8,9)(1,2,14)12,7(11,13)3(4,5)	10,6(8,9)14(1,2)12(7,11,13)3,5-4	10,6(8,9,14)(1,2,12)13(7,5,11)(3,4)	(*10,6)(9,14)(8,1,2,12)(7,5,11)13(3,4)	12.5 - 11.9 - 12.1 - 12.8 - 12.6 - 12.0 - 11.7 - 11.8 - 11.8	12.5 - 24.4 - 36.5 - 49.3 - 61.9 - 73.9 - 85.6 - 97.4 - 109.2 (36.5-35.3)
200201010311	ダ	右	1700	晴	良	15:30	報知杯大雪ハンデ 		2002-8-17	1	札幌	3	3歳以上1600万下	(混)[指](ハンデ)	2	650	4	2	220	5	5	180	3	3	190	4	2-5	1500	8	2-5	1920.0	10.0	2-5	730	9.0	2-3	740	10.0	3-5	570	6.0	2=>5	4090	22	2-3-5	3050	11	12(2,5,4)10(1,7)(6,11)9-3=8	12,2(5,4)(1,7,10)(6,9,11)3-8	12,2,5(1,7,4)(6,10)9(8,3)11	2(12,5)-(7,3)4(1,9)10(6,8)=11	6.3 - 11.4 - 12.3 - 12.7 - 12.7 - 12.7 - 12.4 - 12.6 - 12.4	6.3 - 17.7 - 30.0 - 42.7 - 55.4 - 68.1 - 80.5 - 93.1 - 105.5 (30.0-37.4)
200201010312	芝	右	2000	晴	良	16:10	日高特別 		2002-8-17	1	札幌	3	3歳以上1000万下	(混)[指](ハンデ)	6	1010	5	6	420	6	2	190	3	3	220	4	2-5	1140	5	2-6	2930.0	12.0	2-6	910	10.0	3-6	1,190	15.0	2-3	530	4.0	6=>2	6640	26	2-3-6	4030	15	3,4(6,8,12,13)-7(1,2)-10-11,5,9	3,4,8(6,12,13)(1,7,2)=(10,11)-(5,9)	(*3,4)(6,8)(1,7,12,13,2)-(5,10,9)11	3(6,8,2)4(1,7)12,13(5,10,9)11	13.1 - 11.4 - 11.8 - 12.2 - 12.4 - 12.8 - 12.1 - 11.9 - 12.1 - 11.4	13.1 - 24.5 - 36.3 - 48.5 - 60.9 - 73.7 - 85.8 - 97.7 - 109.8 - 121.2 (36.3-35.4)
200201010401	ダ	右	1000	晴	良	09:55	3歳未勝利		2002-8-18	1	札幌	4	3歳未勝利	(混)[指](馬齢)	7	640	4	7	240	4	8	230	3	11	210	2	6-6	1560	7	7-8	1480.0	8.0	7-8	470	6.0	7-11	420	4.0	8-11	540	8.0	7=>8	2430	8	7-8-11	2270	7			7(1,11)12,6-(8,9)2,3(4,10)5	7(1,11)12,6,8-2,9,3(4,10)5	12.9 - 11.4 - 11.9 - 12.2 - 12.4	12.9 - 24.3 - 36.2 - 48.4 - 60.8 (36.2-36.5)
200201010402	ダ	右	1700	晴	良	10:20	3歳未勝利		2002-8-18	1	札幌	4	3歳未勝利	[指](馬齢)	8	2940	8	8	650	8	10	200	3	3	190	2	6-7	2080	8	8-10	7730.0	24.0	8-10	1,880	21.0	3-8	1,780	20.0	3-10	510	4.0	8=>10	25190	60	3-8-10	11250	37	10,8(5,13)(2,4,7)(3,9)1,6-12-11	10,8(5,13)(4,2,7)3(1,6)-(12,9)=11	(*10,8)(7,6)-(5,13,3)2,4-(1,12)-9-11	(*10,8)-7(3,6)-13,5,4-2,12=(11,9)1	6.5 - 11.3 - 13.0 - 13.2 - 13.1 - 12.7 - 12.8 - 12.6 - 13.3	6.5 - 17.8 - 30.8 - 44.0 - 57.1 - 69.8 - 82.6 - 95.2 - 108.5 (30.8-38.7)
200201010403	芝	右	1200	晴	良	10:45	3歳未勝利		2002-8-18	1	札幌	4	3歳未勝利	[指](馬齢)	14	360	1	14	170	2	4	440	6	12	610	7	2-7	4080	17	4-14	3280.0	10.0	4-14	810	7.0	12-14	1,520	14.0	4-12	5,780	51.0	14=>4	6610	24	4-12-14	23280	69			1(13,14)4,8(9,10,11)16(3,12)15(2,7)6=5	(*1,13,14)4,12,8(2,9,10)3(6,7)11(15,16)-5	12.3 - 10.9 - 11.4 - 11.6 - 12.0 - 11.8	12.3 - 23.2 - 34.6 - 46.2 - 58.2 - 70.0 (34.6-35.4)
200201010404	ダ	右	1000	晴	良	11:15	2歳新馬		2002-8-18	1	札幌	4	2歳新馬	(混)[指](馬齢)	1	420	2	1	160	3	3	150	1	6	700	8	1-3	680	2	1-3	630.0	1.0	1-3	260	1.0	1-6	1,750	21.0	3-6	1,260	17.0	1=>3	1390	2	1-3-6	6200	22			(*8,7)-3,9(1,11)-10=6=(12,4)5-2	7(8,3)-1-9,11,10-6=12,4-2,5	12.7 - 11.2 - 11.6 - 12.2 - 12.9	12.7 - 23.9 - 35.5 - 47.7 - 60.6 (35.5-36.7)
200201010405	芝	右	1200	晴	良	12:15	2歳新馬		2002-8-18	1	札幌	4	2歳新馬	[指](馬齢)	9	380	1	9	180	1	11	200	2	16	2,410	13	5-6	970	3	9-11	1200.0	2.0	9-11	530	3.0	9-16	8,050	66.0	11-16	10,350	76.0	9=>11	1950	2	9-11-16	51210	126			(2,*16)(3,13)(4,10)9(11,15)-8(6,12,5)7-14-1	16(2,13)9(3,4)11(10,15)-(8,6)-(14,5)-12(7,1)	12.7 - 11.0 - 11.4 - 11.6 - 12.1 - 11.9	12.7 - 23.7 - 35.1 - 46.7 - 58.8 - 70.7 (35.1-35.6)
200201010406	ダ	右	1000	晴	良	12:45	3歳以上500万下		2002-8-18	1	札幌	4	3歳以上500万下	[指](別定)	5	210	1	5	110	1	11	120	2	7	230	6	5-8	400	1	5-11	350.0	1.0	5-11	170	1.0	5-7	400	4.0	7-11	590	8.0	5=>11	570	1	5-7-11	1430	3			(2,*9,7,11)5-12,3-1,10=6-4,8	(2,*7)11(9,5)-3-12(1,10)=(4,6,8)	12.8 - 11.3 - 11.7 - 12.1 - 12.0	12.8 - 24.1 - 35.8 - 47.9 - 59.9 (35.8-35.8)
200201010407	ダ	右	1700	晴	良	13:15	3歳以上500万下		2002-8-18	1	札幌	4	3歳以上500万下	(特指)(別定)	3	3580	5	3	250	5	10	100	1	12	130	2	3-7	1370	5	3-10	1150.0	4.0	3-10	570	6.0	3-12	1,200	13.0	10-12	180	1.0	3=>10	5140	13	3-10-12	1970	4	2(10,4,13)(1,11)3-7,12,5(6,8)9	2,10-4(1,3,13)11(7,12,5)8,6,9	(*2,10)3-5,4(11,12)13(7,9)1,8,6	(2,*10,3)=5,12-11(4,7)-(8,9)6(1,13)	6.7 - 11.1 - 12.2 - 12.6 - 12.9 - 12.7 - 12.5 - 12.5 - 13.0	6.7 - 17.8 - 30.0 - 42.6 - 55.5 - 68.2 - 80.7 - 93.2 - 106.2 (30.0-38.0)
200201010408	芝	右	2000	晴	良	13:45	3歳以上500万下		2002-8-18	1	札幌	4	3歳以上500万下	(特指)(別定)	8	310	1	8	130	1	2	210	5	4	150	2	1-4	530	2	2-8	1170.0	3.0	2-8	410	2.0	4-8	250	1.0	2-4	570	6.0	8=>2	1760	4	2-4-8	1340	1	1,11-13,16(4,6)8(2,12,15)3,10-14-(7,9) 5	1-11,13(4,16)(2,6,8)(3,12,15)10(14,7)9 5	1,11,8(4,13)(16,10)(2,6)(12,15)(3,7)(14,9) 5	1(11,8)(4,10)(2,16,6)(13,3)14(12,15,7,9) 5	12.8 - 10.2 - 11.4 - 13.0 - 12.7 - 12.7 - 12.0 - 12.1 - 12.3 - 12.1	12.8 - 23.0 - 34.4 - 47.4 - 60.1 - 72.8 - 84.8 - 96.9 - 109.2 - 121.3 (34.4-36.5)
200201010409	芝	右	1200	晴	良	14:20	まりも特別 		2002-8-18	1	札幌	4	3歳以上500万下	牝(特指)(別定)	3	400	2	3	150	2	13	140	1	8	180	3	2-7	580	1	3-13	810.0	1.0	3-13	280	1.0	3-8	610	6.0	8-13	400	3.0	3=>13	1570	1	3-8-13	1740	1			(*4,5)(3,10,14)16(9,12,13)1(6,8,15)(2,7,11)	4,5(3,14,16)(10,13)(9,12,8)(1,15)(6,7,11)2	12.4 - 11.0 - 11.2 - 11.8 - 12.3 - 11.6	12.4 - 23.4 - 34.6 - 46.4 - 58.7 - 70.3 (34.6-35.7)
200201010410	ダ	右	1700	晴	良	14:55	スポニチオーロラ特別 		2002-8-18	1	札幌	4	3歳以上1000万下	(混)(特指)(別定)	8	170	1	8	120	1	1	210	4	4	140	2	1-6	880	4	1-8	870.0	3.0	1-8	380	3.0	4-8	260	1.0	1-4	770	11.0	8=>1	1330	4	1-4-8	2010	5	(*4,7)(5,8,13)2-(1,6)10(3,11)12,9	4(7,13)(5,8)2(1,6)10(3,11)12,9	4(7,8)13(5,3,1,2)11(12,10)(6,9)	(4,*8)1(5,7)(3,2,9)(12,11)(6,10)13	6.6 - 11.1 - 12.2 - 12.8 - 12.9 - 12.8 - 12.8 - 12.4 - 12.6	6.6 - 17.7 - 29.9 - 42.7 - 55.6 - 68.4 - 81.2 - 93.6 - 106.2 (29.9-37.8)
200201010411	芝	右	2000	晴	良	15:30	札幌記念	G2	2002-8-18	1	札幌	4	3歳以上オープン	(混)(特指)(別定)	14	510	2	14	220	3	3	720	10	7	160	1	2-7	6480	24	3-14	15980.0	41.0	3-14	4,440	45.0	7-14	600	2.0	3-7	2,540	35.0	14=>3	21850	76	3-7-14	23010	78	11-8,9-14(7,15)(10,13)(6,16)3(2,4,5,12)-1	11-8-9,14(7,15)(10,13)6(3,16)(2,5)4,12-1	11-8-(9,14)7(10,15)(6,2,13,16,5)3(4,12)-1	(*11,8)(9,14)(7,15)(6,10,16,5)3(2,12)(4,1)13	12.6 - 10.5 - 11.7 - 12.4 - 12.3 - 12.4 - 12.2 - 11.9 - 11.9 - 11.6	12.6 - 23.1 - 34.8 - 47.2 - 59.5 - 71.9 - 84.1 - 96.0 - 107.9 - 119.5 (34.8-35.4)
200201010412	芝	右	1500	晴	良	16:10	摩周湖特別 		2002-8-18	1	札幌	4	3歳以上1000万下	(混)[指](別定)	5	130	1	5	100	1	9	350	9	4	250	3	5-7	500	1	5-9	1770.0	8.0	5-9	750	10.0	4-5	380	3.0	4-9	2,820	38.0	5=>9	2110	8	4-5-9	6460	30		10,2(1,9)(4,7)8(5,12)11,6,3	10,2(1,9)(5,4,7,8)12(6,11,3)	(*10,2)(9,8)1(4,7)(5,12,3)(6,11)	6.7 - 12.0 - 11.9 - 12.2 - 12.0 - 11.9 - 11.9 - 11.7	6.7 - 18.7 - 30.6 - 42.8 - 54.8 - 66.7 - 78.6 - 90.3 (30.6-35.5)
200201010501	ダ	右	1700	雨	稍重	09:55	3歳未勝利		2002-8-24	1	札幌	5	3歳未勝利	(父)[指](馬齢)	3	130	1	3	110	1	2	1,590	9	6	510	6	2-3	5460	14	2-3	5060.0	14.0	2-3	1,930	16.0	3-6	720	6.0	2-6	8,720	40.0	3=>2	5880	17	2-3-6	21240	49	(*2,6)9(3,5,8)(10,13)7,11-(4,12)1	(*2,6)9(3,5,8)(7,10,13)-11(4,12)1	(*2,6)(3,9,8)(5,13)(7,10)11(4,12)-1	(*2,6)3-9-5(7,10)(13,8)(4,11,12)-1	6.6 - 11.3 - 12.5 - 13.2 - 13.3 - 12.6 - 12.4 - 12.4 - 12.8	6.6 - 17.9 - 30.4 - 43.6 - 56.9 - 69.5 - 81.9 - 94.3 - 107.1 (30.4-37.6)
200201010502	ダ	右	1000	雨	稍重	10:20	3歳未勝利		2002-8-24	1	札幌	5	3歳未勝利	[指](馬齢)	10	500	2	10	150	2	7	320	6	12	230	3	6-7	2390	10	7-10	1820.0	8.0	7-10	680	9.0	10-12	550	4.0	7-12	1,540	20.0	10=>7	5570	22	7-10-12	5030	17			7,10(3,12)-(5,11)-4-6(1,8)(9,2)	7,10,12,3(5,11,4)-(1,8)(9,6)2	12.6 - 11.2 - 11.8 - 12.1 - 13.2	12.6 - 23.8 - 35.6 - 47.7 - 60.9 (35.6-37.1)
200201010503	ダ	右	1700	雨	稍重	10:45	3歳未勝利		2002-8-24	1	札幌	5	3歳未勝利	(混)[指](馬齢)	1	730	3	1	490	7	8	860	9	10	460	6	1-6	10770	24	1-8	6220.0	24.0	1-8	1,240	11.0	1-10	1,640	19.0	8-10	4,960	42.0	1=>8	19360	53	1-8-10	43290	104	1,5,7,8,10(2,12,13)(3,9)11,6=4	1,5(7,8)(2,10,12)(3,13)9(6,11)=4	1(5,8)(2,7,10,12)(6,3)(13,11)9,4	1(5,8)(2,10)(6,12)4,7,3,9-13,11	6.6 - 11.4 - 11.9 - 12.8 - 12.9 - 12.7 - 12.7 - 12.8 - 13.3	6.6 - 18.0 - 29.9 - 42.7 - 55.6 - 68.3 - 81.0 - 93.8 - 107.1 (29.9-38.8)
200201010504	芝	右	2000	雨	稍重	11:15	3歳未勝利		2002-8-24	1	札幌	5	3歳未勝利	(混)[指](馬齢)	10	690	3	10	230	3	8	2,100	14	13	2,150	15	4-5	3140	16	8-10	23570.0	60.0	8-10	5,840	55.0	10-13	9,280	74.0	8-13	24,330	115.0	10=>8	35600	94	8-10-13	259770	400	2,11(12,16)(8,13,14)(1,3,15)-(5,4,7)6(9,10)	(*2,11)(12,16)(8,13,14)(1,3,15)(5,4)7(9,6)10	10(2,11)(12,16)(8,13)(14,15,4)(1,3,5)7,9-6	10(2,11)(8,16)(13,14,15)1(3,12,7,4)5,9-6	12.9 - 11.4 - 12.3 - 13.2 - 12.8 - 12.8 - 11.8 - 11.9 - 12.6 - 12.3	12.9 - 24.3 - 36.6 - 49.8 - 62.6 - 75.4 - 87.2 - 99.1 - 111.7 - 124.0 (36.6-36.8)
200201010505	芝	右	1200	曇	稍重	12:15	2歳新馬		2002-8-24	1	札幌	5	2歳新馬	[指](馬齢)	10	320	2	10	110	2	5	100	1	6	170	3	4-6	210	1	5-10	230.0	1.0	5-10	130	1.0	6-10	860	11.0	5-6	610	7.0	10=>5	630	2	5-6-10	1320	4			(*6,10)(5,11)(12,13)(2,1)(8,9)(4,14)7,3	(*6,10)5-(1,11,13)9,12(2,8)4-7-(3,14)	12.6 - 11.1 - 11.6 - 12.0 - 12.3 - 12.5	12.6 - 23.7 - 35.3 - 47.3 - 59.6 - 72.1 (35.3-36.8)
200201010506	ダ	右	1000	曇	稍重	12:45	3歳以上500万下		2002-8-24	1	札幌	5	3歳以上500万下	(混)[指](別定)	5	900	3	5	200	3	7	100	1	1	480	9	5-6	550	3	5-7	620.0	2.0	5-7	290	2.0	1-5	1,540	17.0	1-7	890	10.0	5=>7	1940	7	1-5-7	3040	10			5(9,11)(6,7,10)12(1,3,8)=4-2	5(9,11,7,10)6(1,12)(3,8)4-2	12.7 - 10.9 - 11.9 - 11.9 - 12.3	12.7 - 23.6 - 35.5 - 47.4 - 59.7 (35.5-36.1)
200201010507	ダ	右	1700	曇	稍重	13:15	3歳以上500万下		2002-8-24	1	札幌	5	3歳以上500万下	牝(特指)(別定)	4	110	1	4	100	1	7	150	2	5	240	5	4-5	410	1	4-7	450.0	1.0	4-7	170	1.0	4-5	320	3.0	5-7	670	9.0	4=>7	500	1	4-5-7	1270	2	4(6,9)(3,10,13)(7,8)12,5,1(2,11)	4(3,6,9)(10,13)(7,8)(5,12,11)1,2	4,3(6,11)13(7,8)(5,9)(12,10)1,2	4-3,7,11-(5,6)8,13(9,12)1,10-2	6.7 - 11.3 - 12.6 - 12.9 - 12.7 - 12.5 - 12.0 - 11.5 - 12.1	6.7 - 18.0 - 30.6 - 43.5 - 56.2 - 68.7 - 80.7 - 92.2 - 104.3 (30.6-35.6)
200201010508	芝	右	2600	曇	稍重	13:45	3歳以上500万下		2002-8-24	1	札幌	5	3歳以上500万下	(混)(特指)(別定)	3	360	2	3	130	2	12	130	3	11	120	1	3-8	960	4	3-12	1130.0	3.0	3-12	330	3.0	3-11	290	2.0	11-12	230	1.0	3=>12	2170	5	3-11-12	1130	1	(*4,7)(5,13)(3,11)(1,9,8)-6(2,12)10	(4,*7)(5,13)(3,11)(1,8)(2,9,6,12)10	7(4,5,13)11(1,3)(8,6)(9,12,10)2	(*7,5)(13,11)1(12,3)(8,6,10)9,2-4	12.9 - 12.1 - 12.0 - 12.4 - 12.6 - 13.1 - 13.6 - 13.4 - 13.3 - 12.6 - 12.1 - 12.4 - 11.9	12.9 - 25.0 - 37.0 - 49.4 - 62.0 - 75.1 - 88.7 - 102.1 - 115.4 - 128.0 - 140.1 - 152.5 - 164.4 (37.0-36.4)
200201010509	芝	右	1200	曇	稍重	14:20	3歳以上500万下		2002-8-24	1	札幌	5	3歳以上500万下	(特指)(別定)	3	2380	7	3	450	6	10	150	1	1	410	5	2-5	1460	7	3-10	3600.0	13.0	3-10	1,250	13.0	1-3	2,840	29.0	1-10	1,110	9.0	3=>10	8090	27	1-3-10	12640	35			(*2,6)7,3(9,12,16)(4,5,10,14,15)(1,11,13)8	(2,*7)(3,9,12)(10,16)(4,15)(1,11,14,13)(6,5)8	12.2 - 10.6 - 11.7 - 12.2 - 12.1 - 11.7	12.2 - 22.8 - 34.5 - 46.7 - 58.8 - 70.5 (34.5-36.0)
200201010510	芝	右	1500	曇	稍重	14:55	クローバー賞 		2002-8-24	1	札幌	5	2歳オープン	(混)(特指)(別定)	11	960	5	11	240	5	4	1,080	9	9	140	2	4-8	11340	20	4-11	24960.0	43.0	4-11	4,660	41.0	9-11	610	7.0	4-9	3,250	31.0	11=>4	37890	74	4-9-11	21880	60		(1,*3,5,9)(7,10)(2,4,6,11)-8	1,10(5,11)(4,7,9)3(2,6)8	(*1,10)-11(4,9)-7-6(5,8)-2-3	6.9 - 11.7 - 11.3 - 12.5 - 12.2 - 11.8 - 12.5 - 12.1	6.9 - 18.6 - 29.9 - 42.4 - 54.6 - 66.4 - 78.9 - 91.0 (29.9-36.4)
200201010511	芝	右	1200	曇	稍重	15:30	TVh賞 		2002-8-24	1	札幌	5	3歳以上1000万下	(混)[指](別定)	7	500	3	7	160	3	9	130	1	3	130	2	4-5	710	2	7-9	910.0	3.0	7-9	350	3.0	3-7	330	2.0	3-9	290	1.0	7=>9	1760	4	3-7-9	1010	1			7,3,15,1(5,10,13)(9,8,14,11)2(12,16)-(4,6)	7,3-(1,15)-(10,13)9(5,8,14)(2,12,11)16(4,6)	12.3 - 10.9 - 11.4 - 11.3 - 11.6 - 12.2	12.3 - 23.2 - 34.6 - 45.9 - 57.5 - 69.7 (34.6-35.1)
200201010512	ダ	右	1700	曇	稍重	16:10	苫小牧特別 		2002-8-24	1	札幌	5	3歳以上1000万下	(混)[指](別定)	8	1110	4	8	250	4	9	160	2	5	410	5	6-6	2460	9	8-9	2140.0	8.0	8-9	810	8.0	5-8	2,470	21.0	5-9	1,370	10.0	8=>9	5070	14	5-8-9	10130	32	5,6(3,4,7)-(2,8)13(9,11)(1,10)-12	5,6(3,4,7)(2,13)8-(9,11)10,1-12	5(6,7,2)(3,4,13)8(9,11,10)1-12	5(6,2)(3,13)7(9,4,8)-11(12,10,1)	6.5 - 11.4 - 12.2 - 12.7 - 13.1 - 12.7 - 12.4 - 12.1 - 12.7	6.5 - 17.9 - 30.1 - 42.8 - 55.9 - 68.6 - 81.0 - 93.1 - 105.8 (30.1-37.2)
200201010601	ダ	右	1000	曇	良	09:55	2歳未勝利		2002-8-25	1	札幌	6	2歳未勝利	(混)[指](馬齢)	7	420	2	7	140	2	6	110	1	11	420	7	5-6	400	1	6-7	430.0	1.0	6-7	170	1.0	7-11	1,220	15.0	6-11	800	9.0	7=>6	1010	2	6-7-11	2470	6			(*6,7)(4,11,9)3(8,12)-(5,10)-2-1	(*6,7)-(4,11)9-8,12(5,10)-3-2-1	12.7 - 11.2 - 11.7 - 12.0 - 13.0	12.7 - 23.9 - 35.6 - 47.6 - 60.6 (35.6-36.7)
200201010602	ダ	右	1700	曇	良	10:20	3歳未勝利		2002-8-25	1	札幌	6	3歳未勝利	牝[指](馬齢)	8	400	2	8	150	2	3	130	1	9	480	9	3-6	550	2	3-8	540.0	1.0	3-8	230	1.0	8-9	1,190	18.0	3-9	1,140	15.0	8=>3	1210	2	3-8-9	4680	13	3,5,7,9(8,12)(11,13)-6(4,10)-(1,2)	3,5(8,7,9)(11,13,12)-6,4,10,1,2	3(5,9)8,13,12,7(4,6)11(1,10,2)	3(8,5,9)13-(7,4,6)2(11,12,10)1	6.7 - 11.3 - 12.2 - 12.9 - 13.2 - 12.9 - 12.7 - 12.7 - 13.1	6.7 - 18.0 - 30.2 - 43.1 - 56.3 - 69.2 - 81.9 - 94.6 - 107.7 (30.2-38.5)
200201010603	ダ	右	1700	曇	良	10:45	3歳未勝利		2002-8-25	1	札幌	6	3歳未勝利	[指](馬齢)	2	370	2	2	150	2	5	160	3	7	300	6	2-4	980	4	2-5	940.0	3.0	2-5	340	3.0	2-7	860	11.0	5-7	1,120	16.0	2=>5	1610	4	2-5-7	4490	13	13(2,5)(6,7)1(4,3,11)10(8,9)12	13,2,5,7(1,6,11)3(4,10)(12,9)8	(*2,5,7)(13,6,3)(1,11)12(4,10)-(8,9)	(*2,5,7)(12,3)(6,10)11(1,8)4-(13,9)	6.7 - 11.6 - 12.6 - 13.0 - 13.1 - 12.6 - 12.7 - 13.0 - 13.4	6.7 - 18.3 - 30.9 - 43.9 - 57.0 - 69.6 - 82.3 - 95.3 - 108.7 (30.9-39.1)
200201010604	芝	右	1200	曇	良	11:15	3歳未勝利		2002-8-25	1	札幌	6	3歳未勝利	(混)[指](馬齢)	3	650	3	3	230	3	13	250	4	8	850	11	2-7	2320	8	3-13	2190.0	8.0	3-13	700	4.0	3-8	3,250	34.0	8-13	3,710	41.0	3=>13	3940	11	3-8-13	19670	70			(*8,11)(6,10,9,13,14)(3,7,15)(1,12)(4,5)2	(8,*11)(9,3)10,14(6,13,15)(1,2,7)(4,5)12	12.4 - 11.1 - 11.4 - 11.9 - 12.4 - 12.3	12.4 - 23.5 - 34.9 - 46.8 - 59.2 - 71.5 (34.9-36.6)
200201010605	芝	右	1800	曇	良	12:15	2歳新馬		2002-8-25	1	札幌	6	2歳新馬	(混)[指](馬齢)	6	760	2	6	210	2	4	320	6	12	440	7	4-5	2670	11	4-6	2910.0	9.0	4-6	1,000	8.0	6-12	1,560	16.0	4-12	2,350	27.0	6=>4	6340	18	4-6-12	9490	30	10(12,13)3(4,6)(1,7)(8,11)(2,5)9	10(3,12,13)(4,6)(1,7)(8,11)-(2,5)-9	10(12,13,6)(3,4,8,7)(1,11,9)(2,5)	(10,*12)6(4,8,9)13(1,2,11)5,7=3	12.7 - 11.5 - 12.3 - 12.5 - 12.6 - 12.3 - 12.6 - 13.2 - 12.9	12.7 - 24.2 - 36.5 - 49.0 - 61.6 - 73.9 - 86.5 - 99.7 - 112.6 (36.5-38.7)
200201010606	芝	右	1500	曇	良	12:45	3歳以上500万下		2002-8-25	1	札幌	6	3歳以上500万下	(混)[指](別定)	4	370	2	4	130	2	1	370	7	10	130	1	1-4	5940	16	1-4	4700.0	13.0	1-4	1,540	17.0	4-10	240	2.0	1-10	1,180	14.0	4=>1	6710	24	1-4-10	4490	11		(*1,8)(7,9)(4,6,10)(2,3,11,12)-5	1,8(7,4,9,10)(11,6)2(3,12)-5	1-8(9,10)4(11,6)(7,2)(3,12)5	6.7 - 11.4 - 11.4 - 12.0 - 11.8 - 11.9 - 12.3 - 12.4	6.7 - 18.1 - 29.5 - 41.5 - 53.3 - 65.2 - 77.5 - 89.9 (29.5-36.6)
200201010607	芝	右	1800	曇	良	13:15	3歳以上500万下		2002-8-25	1	札幌	6	3歳以上500万下	(特指)(別定)	4	1090	5	4	320	4	5	120	1	7	300	3	3-4	320	1	4-5	1650.0	4.0	4-5	620	4.0	4-7	1,800	20.0	5-7	500	2.0	4=>5	4420	16	4-5-7	5670	11	2(4,5)6(7,10)9,11-3(12,14)(1,8)13	2,4(6,5)7,10(11,9)3-12(1,14)8,13	2,4(6,5)(7,3)(11,10,9)-(1,12)(8,14)-13	2(6,4,5,3)7(11,9)12(1,10,14)8=13	12.6 - 11.5 - 11.8 - 11.9 - 12.4 - 12.1 - 12.0 - 12.8 - 12.6	12.6 - 24.1 - 35.9 - 47.8 - 60.2 - 72.3 - 84.3 - 97.1 - 109.7 (35.9-37.4)
200201010608	ダ	右	1700	曇	良	13:45	3歳以上500万下		2002-8-25	1	札幌	6	3歳以上500万下	(特指)(別定)	9	190	1	9	110	1	10	130	2	8	160	3	6-7	370	1	9-10	660.0	1.0	9-10	220	1.0	8-9	300	3.0	8-10	490	5.0	9=>10	870	1	8-9-10	930	1	3,13,9(2,8,11)4,6(1,10,7)-12-5	3-13(2,9)(8,11)4(6,10)(1,7)-12-5	(*3,13)9,2(8,11,10,7)(4,6)1(5,12)	3(9,10)(2,13,8,7)11(4,6)(1,5)12	6.7 - 11.5 - 11.8 - 12.7 - 13.1 - 12.6 - 13.0 - 12.9 - 13.0	6.7 - 18.2 - 30.0 - 42.7 - 55.8 - 68.4 - 81.4 - 94.3 - 107.3 (30.0-38.9)
200201010609	芝	右	1200	曇	良	14:20	3歳以上500万下		2002-8-25	1	札幌	6	3歳以上500万下	(混)[指](別定)	14	290	1	14	140	1	5	280	5	2	200	4	3-7	1000	5	5-14	1960.0	7.0	5-14	950	11.0	2-14	540	4.0	2-5	930	10.0	14=>5	3010	9	2-5-14	5710	18			(*2,6)(11,12)5(4,14)1-(10,16)(8,9)(3,15)7 13	2,6(5,12)14(1,11,8,4,10)(9,16)15-3-7 13	12.0 - 10.7 - 11.0 - 11.6 - 12.1 - 12.5	12.0 - 22.7 - 33.7 - 45.3 - 57.4 - 69.9 (33.7-36.2)
200201010610	芝	右	2600	曇	良	14:55	阿寒湖特別 		2002-8-25	1	札幌	6	3歳以上1000万下	(混)[指](ハンデ)	5	130	1	5	110	1	3	220	3	7	330	7	3-4	630	2	3-5	810.0	2.0	3-5	340	2.0	5-7	540	5.0	3-7	1,410	17.0	5=>3	990	2	3-5-7	3040	8	6,3-5(2,9)7-8(4,14)-(10,11)-(13,12)-1	6,3(2,5)(7,9)8,14(10,4,11)-(13,12)-1	(*6,3)5(2,9)7(14,8)(4,11)13(10,12)1	(6,*3)5(7,9,4,11)(2,14,8)(13,12,1)10	13.0 - 11.8 - 12.5 - 13.0 - 12.5 - 12.9 - 13.4 - 12.7 - 12.4 - 11.8 - 12.1 - 12.2 - 12.1	13.0 - 24.8 - 37.3 - 50.3 - 62.8 - 75.7 - 89.1 - 101.8 - 114.2 - 126.0 - 138.1 - 150.3 - 162.4 (37.3-36.4)
200201010611	芝	右	1200	曇	良	15:30	札幌日刊スポーツ杯 		2002-8-25	1	札幌	6	3歳以上オープン	(混)(指)(別定)	3	560	4	3	160	3	4	150	2	1	230	5	3-4	720	1	3-4	710.0	1.0	3-4	280	1.0	1-3	800	10.0	1-4	680	8.0	3=>4	1580	5	1-3-4	2130	5			1-2(3,10)(4,6,8)-(7,9)-5	1(3,2)(4,10,8)6(7,9)-5	12.0 - 10.7 - 10.9 - 11.7 - 11.9 - 11.8	12.0 - 22.7 - 33.6 - 45.3 - 57.2 - 69.0 (33.6-35.4)
200201010612	ダ	右	1000	雨	良	16:10	白鳥大橋特別 		2002-8-25	1	札幌	6	3歳以上1000万下	(混)(特指)(別定)	7	210	1	7	120	1	10	200	2	1	770	10	6-7	400	1	7-10	690.0	1.0	7-10	270	1.0	1-7	1,280	13.0	1-10	3,160	36.0	7=>10	1020	1	1-7-10	7180	25			(2,*7)10(1,12)-(11,6,9)(5,3)8-4	(2,*7)10-1,12(11,6)(5,9)3-8-4	12.2 - 10.5 - 11.4 - 11.8 - 12.6	12.2 - 22.7 - 34.1 - 45.9 - 58.5 (34.1-35.8)
200201010701	芝	右	1800	曇	良	09:55	2歳未勝利		2002-8-31	1	札幌	7	2歳未勝利	(混)[指](馬齢)	2	250	1	2	130	1	6	1,860	11	4	140	3	2-4	4500	17	2-6	13690.0	31.0	2-6	4,820	38.0	2-4	230	1.0	4-6	5,790	39.0	2=>6	17720	48	2-4-6	18640	53	12,2,3,6(4,13)(1,5,10)14(8,9)11,7	12,2(4,3)6(1,13,14)(8,5,10)(9,11)7	12(2,6)(4,11)(1,3)(13,14,10)(8,5)(7,9)	12(2,6)4,11,1(10,5)13,8(7,14)9-3	12.4 - 12.1 - 12.7 - 12.9 - 12.8 - 12.2 - 12.0 - 12.3 - 12.2	12.4 - 24.5 - 37.2 - 50.1 - 62.9 - 75.1 - 87.1 - 99.4 - 111.6 (37.2-36.5)
200201010702	ダ	右	1000	曇	良	10:20	3歳未勝利		2002-8-31	1	札幌	7	3歳未勝利	牝[指](馬齢)	10	140	1	10	100	1	1	120	2	8	140	3	1-8	260	1	1-10	290.0	1.0	1-10	130	1.0	8-10	220	3.0	1-8	440	6.0	10=>1	390	1	1-8-10	640	1			10,4(1,8)(2,6)7(9,11)3=5	10(4,8)1-2(3,6,7)(9,11)-5	12.6 - 11.1 - 11.9 - 11.9 - 12.7	12.6 - 23.7 - 35.6 - 47.5 - 60.2 (35.6-36.5)
200201010703	ダ	右	1700	曇	良	10:45	3歳未勝利		2002-8-31	1	札幌	7	3歳未勝利	[指](馬齢)	8	350	2	8	170	2	9	800	9	1	450	7	6-6	9850	22	8-9	8600.0	25.0	8-9	2,770	25.0	1-8	1,600	16.0	1-9	8,340	50.0	8=>9	12150	39	1-8-9	36900	88	13,12,8(3,9)4,7,1(10,11)(5,6)-2	(*13,12)(8,9)(3,4)(1,7)-11(10,6)5,2	13,9(8,12)(1,3,4)7-(10,11,6)(5,2)	9-(13,8)-(1,12)3-(10,7)(5,4,11,2)-6	6.6 - 11.4 - 12.5 - 12.8 - 12.8 - 12.6 - 12.8 - 13.0 - 13.1	6.6 - 18.0 - 30.5 - 43.3 - 56.1 - 68.7 - 81.5 - 94.5 - 107.6 (30.5-38.9)
200201010704	芝	右	1200	曇	良	11:15	3歳未勝利		2002-8-31	1	札幌	7	3歳未勝利	[指](馬齢)	15	1060	4	15	280	5	16	130	1	14	200	3	8-8	1450	7	15-16	1410.0	4.0	15-16	500	4.0	14-15	1,330	13.0	14-16	370	2.0	15=>16	4360	14	14-15-16	3130	6			(10,12,*16)(11,13)9(6,5,15)2(1,14)(4,8)-7=3	(10,12,*16)(11,13)15(9,14)(6,5)(2,1)(4,7)-8=3	12.4 - 11.1 - 11.5 - 11.5 - 12.1 - 12.3	12.4 - 23.5 - 35.0 - 46.5 - 58.6 - 70.9 (35.0-35.9)
200201010705	芝	右	1500	曇	良	12:15	2歳新馬		2002-8-31	1	札幌	7	2歳新馬	[指](馬齢)	2	390	2	2	150	2	1	270	3	12	380	4	1-2	1900	7	1-2	1880.0	7.0	1-2	620	4.0	2-12	1,080	12.0	1-12	2,310	21.0	2=>1	3100	11	1-2-12	8240	25		1,3-(2,12)(6,8)(4,5,7)9(10,11)	1,3(2,12)5,8,6(9,7)(4,11)10	1,2(5,12)3(6,8)4,11,9,10=7	6.9 - 11.2 - 11.2 - 12.5 - 12.2 - 12.1 - 12.4 - 12.5	6.9 - 18.1 - 29.3 - 41.8 - 54.0 - 66.1 - 78.5 - 91.0 (29.3-37.0)
200201010706	ダ	右	1700	晴	良	12:45	3歳以上500万下		2002-8-31	1	札幌	7	3歳以上500万下	[指](別定)	5	870	4	5	290	4	4	200	3	12	390	7	4-4	2360	9	4-5	2440.0	10.0	4-5	840	8.0	5-12	2,490	31.0	4-12	1,240	14.0	5=>4	5170	22	4-5-12	12720	46	5,9(1,4,7,10)(12,11,13)6(2,8)-3	5,9(1,7)(4,10,13)12(2,11)6,8-3	5,9(1,4,7,10,13)2(6,12,11)(8,3)	(*5,9)13(1,4,11)6(2,10,12)7(8,3)	6.6 - 11.5 - 12.5 - 13.2 - 13.0 - 12.7 - 12.7 - 12.4 - 12.4	6.6 - 18.1 - 30.6 - 43.8 - 56.8 - 69.5 - 82.2 - 94.6 - 107.0 (30.6-37.5)
200201010707	ダ	右	1000	晴	良	13:15	3歳以上500万下		2002-8-31	1	札幌	7	3歳以上500万下	(特指)(別定)	2	170	1	2	110	1	1	200	4	5	140	2	1-2	680	3	1-2	750.0	2.0	1-2	380	4.0	2-5	180	1.0	1-5	700	11.0	2=>1	1030	2	1-2-5	1020	2			1,2(5,7,10)(11,12)-9(4,8)-3,6	(*1,2)10(5,7,11,12)-(9,8)-3,6-4	12.5 - 10.7 - 11.7 - 11.7 - 12.7	12.5 - 23.2 - 34.9 - 46.6 - 59.3 (34.9-36.1)
200201010708	芝	右	2000	晴	良	13:45	3歳以上500万下		2002-8-31	1	札幌	7	3歳以上500万下	(混)[指](別定)	13	570	2	13	150	2	12	100	1	8	250	6	7-8	340	2	12-13	340.0	1.0	12-13	180	1.0	8-13	600	8.0	8-12	390	3.0	13=>12	1150	3	8-12-13	1270	3	13,4,5,7,1-(10,12)-11,8,2,14,9-3,6	13,4,5,7,1(10,12)-(11,8)2(9,14)-3-6	13-(4,5)7(10,1,12)(11,8)(2,9,3)6,14	13-(5,12)8-1-(7,11,9,3)10(4,2)6-14	12.6 - 11.0 - 12.1 - 12.6 - 12.5 - 12.7 - 12.1 - 11.6 - 11.7 - 12.2	12.6 - 23.6 - 35.7 - 48.3 - 60.8 - 73.5 - 85.6 - 97.2 - 108.9 - 121.1 (35.7-35.5)
200201010709	ダ	右	1700	曇	良	14:20	千歳特別 		2002-8-31	1	札幌	7	3歳以上500万下	(混)[指](別定)	2	180	1	2	110	1	3	130	2	10	160	4	2-3	520	2	2-3	510.0	1.0	2-3	240	1.0	2-10	330	3.0	3-10	490	5.0	2=>3	710	1	2-3-10	1360	3	2,11-(3,4)(5,8)12(9,13)(1,6)10-7	2,11(3,4)(5,8)(12,13)(1,9)(6,10)-7	(*2,11)(3,4)(5,8)(9,12,13)(1,10)(7,6)	(*2,11)(3,4)(5,8)(9,10)1-(7,13)6-12	6.8 - 10.9 - 12.1 - 12.7 - 12.8 - 12.5 - 12.7 - 12.5 - 12.8	6.8 - 17.7 - 29.8 - 42.5 - 55.3 - 67.8 - 80.5 - 93.0 - 105.8 (29.8-38.0)
200201010710	芝	右	1200	曇	良	14:55	小樽特別 		2002-8-31	1	札幌	7	3歳以上500万下	(混)[指](別定)	2	930	4	2	260	4	3	150	1	4	440	7	1-2	820	4	2-3	1320.0	4.0	2-3	530	4.0	2-4	1,940	20.0	3-4	1,060	9.0	2=>3	2930	9	2-3-4	7210	20			(*4,6)(3,5,8,9)(7,10,11)14(2,13)(12,16)(1,15)	(*4,6)(3,5,8,9)(2,7,10)11(1,14)(13,12,16,15)	12.1 - 11.1 - 11.1 - 11.5 - 11.8 - 12.1	12.1 - 23.2 - 34.3 - 45.8 - 57.6 - 69.7 (34.3-35.4)
200201010711	ダ	右	1700	曇	良	15:30	エルムステークス	G3	2002-8-31	1	札幌	7	3歳以上オープン	(混)(指)(別定)	6	170	1	6	110	1	2	240	4	9	190	3	2-5	840	3	2-6	840.0	3.0	2-6	370	3.0	6-9	330	2.0	2-9	1,080	12.0	6=>2	1260	3	2-6-9	1990	4	2(7,11)6(8,12)13(3,9)(4,5,10)1	2-6(7,11)-(8,12,13)9(3,4,10)5,1	2,6,7,8(11,13,10)(12,9)(3,4,5)-1	2-6(8,7)(12,13)(3,9)(4,5)-10,11,1	6.9 - 10.9 - 11.9 - 11.9 - 12.1 - 12.3 - 12.4 - 12.7 - 12.5	6.9 - 17.8 - 29.7 - 41.6 - 53.7 - 66.0 - 78.4 - 91.1 - 103.6 (29.7-37.6)
200201010712	芝	右	1200	曇	良	16:10	羊ヶ丘特別 		2002-8-31	1	札幌	7	3歳以上1000万下	(混)(特指)(別定)	1	490	3	1	250	4	2	220	3	3	2,540	14	1-1	1920	8	1-2	1860.0	8.0	1-2	730	8.0	1-3	4,310	38.0	2-3	6,130	50.0	1=>2	3510	15	1-2-3	27630	68			1,12(2,11)10(5,13)(6,9,14)(15,16)(3,8)-(4,7)	(*1,12)(2,11)(5,13)(6,10,9,8)(3,14)16(4,7)-15	12.0 - 10.7 - 11.2 - 11.6 - 11.8 - 12.1	12.0 - 22.7 - 33.9 - 45.5 - 57.3 - 69.4 (33.9-35.5)
200201010801	ダ	右	1700	小雨	良	09:55	3歳未勝利		2002-9-1	1	札幌	8	3歳未勝利	[指](馬齢)	6	150	1	6	110	1	8	240	6	2	140	2	5-6	410	2	6-8	960.0	5.0	6-8	340	3.0	2-6	160	1.0	2-8	680	9.0	6=>8	1250	6	2-6-8	1520	4	(*3,6)(8,10)12-(2,9)(5,7,11)4-1	3,6,8,10(2,9,12)(7,11)5,4,1	(*3,6,8)(2,12,11,5)(9,7,1)4-10	(*6,8)-(3,2,5)7,1(9,12,11)4=10	6.7 - 11.0 - 12.3 - 13.1 - 13.2 - 12.8 - 13.0 - 12.9 - 13.4	6.7 - 17.7 - 30.0 - 43.1 - 56.3 - 69.1 - 82.1 - 95.0 - 108.4 (30.0-39.3)
200201010802	芝	右	1200	曇	良	10:20	3歳未勝利		2002-9-1	1	札幌	8	3歳未勝利	(混)[指](馬齢)	12	1430	7	12	590	7	11	310	4	10	1,710	12	6-6	4520	13	11-12	4730.0	17.0	11-12	1,770	23.0	10-12	16,640	87.0	10-11	11,120	72.0	12=>11	10490	39	10-11-12	124530	243			12(14,15)(1,11,13)(7,10,9,16)6(2,8,3,5)-4	12(14,15)11(1,7,13)16(2,10,9)(6,8,3,5)4	12.0 - 11.2 - 11.5 - 11.5 - 12.0 - 12.5	12.0 - 23.2 - 34.7 - 46.2 - 58.2 - 70.7 (34.7-36.0)
200201010803	ダ	右	1000	曇	良	10:45	2歳新馬		2002-9-1	1	札幌	8	2歳新馬	(混)[指](馬齢)	2	140	1	2	100	1	1	150	3	3	260	4	1-2	350	2	1-2	360.0	2.0	1-2	170	2.0	2-3	370	4.0	1-3	1,180	11.0	2=>1	420	2	1-2-3	1210	2			2,3(1,4)(8,9)(5,6,12)7(10,11)	2,3,1-(5,4)(8,9)-10-6,12(7,11)	12.6 - 11.2 - 11.8 - 12.0 - 12.5	12.6 - 23.8 - 35.6 - 47.6 - 60.1 (35.6-36.3)
200201010804	芝	右	1200	曇	良	11:15	2歳500万下		2002-9-1	1	札幌	8	2歳500万下	(特指)(馬齢)	5	7120	10	5	1,430	11	11	410	6	9	240	4	5-8	14520	25	5-11	15050.0	40.0	5-11	4,970	44.0	5-9	3,550	36.0	9-11	1,090	16.0	5=>11	51610	92	5-9-11	21490	67			(*8,9)-(1,2)-(4,6)11,5,3,7-10	(*8,9)(1,2)(5,4)6,11-3-7-10	12.0 - 10.9 - 11.3 - 11.9 - 12.4 - 12.3	12.0 - 22.9 - 34.2 - 46.1 - 58.5 - 70.8 (34.2-36.6)
200201010805	芝	右	1200	曇	良	12:15	2歳新馬		2002-9-1	1	札幌	8	2歳新馬	(混)[指](馬齢)	15	820	6	15	230	5	6	180	2	11	220	3	4-8	300	1	6-15	1760.0	6.0	6-15	640	7.0	11-15	920	13.0	6-11	950	14.0	15=>6	3780	17	6-11-15	5800	21			(*14,7)(6,15)(4,5,8,11)(1,3,2,10,9)-12-13	14(7,15)6(8,11)(4,2,9)(1,5)(3,10)-12,13	12.2 - 11.2 - 11.8 - 11.9 - 12.3 - 12.0	12.2 - 23.4 - 35.2 - 47.1 - 59.4 - 71.4 (35.2-36.2)
200201010806	芝	右	1800	曇	良	12:45	3歳未勝利		2002-9-1	1	札幌	8	3歳未勝利	(混)[指](馬齢)	7	590	3	7	160	3	6	130	2	13	110	1	4-5	1180	5	6-7	1390.0	4.0	6-7	450	4.0	7-13	230	3.0	6-13	190	1.0	7=>6	3460	12	6-7-13	730	1	2(7,11)(5,10,12)(1,4,13,14)6,3-8,9	(2,*7)11,10(1,4,12)(5,13)(6,14)3-8-9	(2,*7)10(1,4,12)(6,11,13,14)(5,3,9)8	7=(2,13)(4,12)(1,10)(6,5)(8,3,14)(11,9)	12.4 - 11.6 - 11.9 - 12.1 - 12.7 - 12.3 - 11.9 - 12.2 - 12.3	12.4 - 24.0 - 35.9 - 48.0 - 60.7 - 73.0 - 84.9 - 97.1 - 109.4 (35.9-36.4)
200201010807	ダ	右	1000	曇	良	13:15	3歳以上500万下		2002-9-1	1	札幌	8	3歳以上500万下	牝[指](別定)	8	270	2	8	150	2	4	160	3	9	860	9	4-6	550	2	4-8	650.0	2.0	4-8	300	3.0	8-9	2,380	24.0	4-9	2,740	28.0	8=>4	1130	3	4-8-9	14510	43			(*2,7)12(3,8)9,4,5(1,6,11)10	(*2,7)(12,8)3-9,4,5(1,10)11,6	12.7 - 11.1 - 11.8 - 11.9 - 12.7	12.7 - 23.8 - 35.6 - 47.5 - 60.2 (35.6-36.4)
200201010808	ダ	右	1700	曇	良	13:45	3歳以上500万下		2002-9-1	1	札幌	8	3歳以上500万下	(特指)(別定)	13	120	1	13	100	1	6	140	3	1	140	2	5-8	400	1	6-13	440.0	1.0	6-13	190	1.0	1-13	200	2.0	1-6	490	5.0	13=>6	520	1	1-6-13	810	1	13(3,4,8)-(1,2)(5,7)9(6,10)12,11	13(3,4)(1,2,8)(5,7)(6,9)10,12-11	13(3,4)(1,2,7,9)(6,5,8)12(11,10)	13,9(1,4)3(6,2,7)(5,12)-11-10,8	6.6 - 11.0 - 11.8 - 13.0 - 13.2 - 13.0 - 12.9 - 13.0 - 12.7	6.6 - 17.6 - 29.4 - 42.4 - 55.6 - 68.6 - 81.5 - 94.5 - 107.2 (29.4-38.6)
200201010809	芝	右	1200	曇	良	14:20	3歳以上500万下		2002-9-1	1	札幌	8	3歳以上500万下	(特指)(別定)	4	420	2	4	200	3	14	1,180	9	1	280	5	3-8	1280	6	4-14	13720.0	30.0	4-14	2,740	26.0	1-4	820	9.0	1-14	5,510	38.0	4=>14	19700	48	1-4-14	38270	87			(14,10,*13)-4,1,3(9,11)(2,6,8)(5,12)=7	(*14,10)13-(1,4)-(2,3)(5,9,6)(8,11)-12=7	11.9 - 11.2 - 11.1 - 11.6 - 12.1 - 12.7	11.9 - 23.1 - 34.2 - 45.8 - 57.9 - 70.6 (34.2-36.4)
200201010810	芝	右	2600	曇	良	14:55	富良野特別 		2002-9-1	1	札幌	8	3歳以上500万下	(混)(特指)(別定)	1	130	1	1	110	1	5	300	6	7	250	5	1-5	1010	5	1-5	950.0	5.0	1-5	370	4.0	1-7	300	3.0	5-7	1,390	17.0	1=>5	1200	5	1-5-7	2450	10	7,11(10,9)(5,1)8,3,4,2,6	7,11(5,10,9)1(3,8)-(2,4)6	(*7,5)(11,10)9(3,1)8(6,2)4	(*7,5)-(1,11,10)9(3,2,8)-(6,4)	13.5 - 12.3 - 12.5 - 13.0 - 12.3 - 12.9 - 13.1 - 13.1 - 12.6 - 12.0 - 11.8 - 11.8 - 11.9	13.5 - 25.8 - 38.3 - 51.3 - 63.6 - 76.5 - 89.6 - 102.7 - 115.3 - 127.3 - 139.1 - 150.9 - 162.8 (38.3-35.5)
200201010811	芝	右	1800	曇	良	15:30	HBC賞 		2002-9-1	1	札幌	8	3歳以上1000万下	(混)[指](別定)	14	1130	4	14	360	4	1	540	6	13	560	7	1-8	4550	20	1-14	9300.0	33.0	1-14	2,860	33.0	13-14	1,840	20.0	1-13	4,010	42.0	14=>1	14840	53	1-13-14	25590	81	7(3,8,11,12)(4,10)(9,13)(1,5)14-2-6	7(8,10)(3,4,12)(9,11)13,5(1,14)2,6	(*7,8)(10,12)(3,4,11,13)9(1,5,14,2)6	(*7,8,12,13)(3,4,11)(10,9,14)1(5,2)6	12.7 - 11.7 - 12.8 - 12.6 - 12.4 - 12.0 - 11.6 - 12.1 - 11.9	12.7 - 24.4 - 37.2 - 49.8 - 62.2 - 74.2 - 85.8 - 97.9 - 109.8 (37.2-35.6)
200201020101	芝	右	1000	晴	良	09:55	2歳未勝利		2002-9-7	2	札幌	1	2歳未勝利	(混)[指](馬齢)	10	5910	8	10	880	8	1	140	2	2	160	3	1-8	4990	18	1-10	5960.0	20.0	1-10	1,680	20.0	2-10	2,240	22.0	1-2	270	2.0	10=>1	18530	42	1-2-10	5590	21			10(1,4)7,9(2,8)5,6,3	10-(1,4,7)-2,9(8,5,3)6	12.2 - 10.9 - 11.4 - 11.6 - 12.5	12.2 - 23.1 - 34.5 - 46.1 - 58.6 (34.5-35.5)
200201020102	ダ	右	1700	晴	良	10:20	3歳未勝利		2002-9-7	2	札幌	1	3歳未勝利	牝[指](馬齢)	10	170	1	10	110	1	8	190	3	11	1,220	11	6-7	290	1	8-10	430.0	1.0	8-10	200	1.0	10-11	1,510	16.0	8-11	4,050	32.0	10=>8	600	1	8-10-11	8490	23	11(9,10)4,8,2(3,6,12)1,13,5-7	11(9,10)(4,8)(3,12)(2,6)(1,13)(5,7)	(*11,10,8)(4,13,7)(12,5)(3,6)(9,2)1	(*11,10)8,4-13-(5,6,7)12-(3,2)-1-9	6.8 - 11.3 - 12.6 - 13.3 - 13.1 - 12.7 - 12.6 - 12.8 - 13.3	6.8 - 18.1 - 30.7 - 44.0 - 57.1 - 69.8 - 82.4 - 95.2 - 108.5 (30.7-38.7)
200201020103	ダ	右	1000	晴	良	10:45	3歳未勝利		2002-9-7	2	札幌	1	3歳未勝利	[指](馬齢)	3	200	1	3	140	2	12	190	3	10	1,050	9	3-8	540	2	3-12	640.0	2.0	3-12	270	2.0	3-10	1,380	16.0	10-12	3,960	27.0	3=>12	930	2	3-10-12	8620	31			(*3,4,9)-12,10,11,2-5,6(1,7)=8	(*3,4)9,12(10,11)-2-1-(6,7)-5=8	12.6 - 11.0 - 11.9 - 12.4 - 12.7	12.6 - 23.6 - 35.5 - 47.9 - 60.6 (35.5-37.0)
200201020104	ダ	右	1700	晴	良	11:15	3歳未勝利		2002-9-7	2	札幌	1	3歳未勝利	[指](馬齢)	8	260	1	8	120	1	12	180	4	11	170	2	6-8	460	1	8-12	810.0	3.0	8-12	290	3.0	8-11	270	2.0	11-12	580	6.0	8=>12	1250	3	8-11-12	1370	3	(*6,12)(8,9,11)(2,4)7(5,13)(1,10)-3	(*6,12)(8,9,11)-2(4,7)-(5,13)-1-10-3	(*6,12)8(9,11)-(2,4,7)(5,13)-1-3-10	(6,*12,8)-11-2(4,7)5(9,13)-(1,3)=10	7.0 - 11.6 - 12.2 - 12.4 - 12.3 - 12.6 - 12.8 - 12.7 - 13.4	7.0 - 18.6 - 30.8 - 43.2 - 55.5 - 68.1 - 80.9 - 93.6 - 107.0 (30.8-38.9)
200201020105	芝	右	1200	晴	良	12:15	2歳新馬		2002-9-7	2	札幌	1	2歳新馬	[指](馬齢)	7	250	1	7	130	1	2	180	4	10	170	3	1-4	940	4	2-7	1080.0	3.0	2-7	410	3.0	7-10	280	1.0	2-10	570	6.0	7=>2	1610	3	2-7-10	1930	3			7,10(2,11)(4,16)-12,14(1,15)(8,9)13,3(5,6)	7,10(2,11)(4,16)-(12,14)-15,1,9(8,13)-5,3,6	12.6 - 11.1 - 11.6 - 11.8 - 12.3 - 12.3	12.6 - 23.7 - 35.3 - 47.1 - 59.4 - 71.7 (35.3-36.4)
200201020106	芝	右	1200	晴	良	12:45	3歳未勝利		2002-9-7	2	札幌	1	3歳未勝利	(混)[指](馬齢)	2	1950	7	2	500	6	8	240	4	13	200	2	1-4	2950	13	2-8	5550.0	19.0	2-8	1,910	19.0	2-13	1,910	18.0	8-13	630	5.0	2=>8	15840	47	2-8-13	13010	41			6-2(12,13,15)8(7,16)(1,4,11,14)-(5,10)(3,9)	(*6,8,2)-13,15(12,16,11)(7,14)4(1,5,10)-3,9	12.0 - 10.8 - 11.3 - 11.8 - 12.1 - 12.3	12.0 - 22.8 - 34.1 - 45.9 - 58.0 - 70.3 (34.1-36.2)
200201020107	ダ	右	1000	晴	良	13:15	3歳以上500万下		2002-9-7	2	札幌	1	3歳以上500万下	牝[指](別定)	3	310	2	3	130	1	1	450	7	7	170	3	1-3	4660	9	1-3	3650.0	14.0	1-3	1,150	14.0	3-7	340	3.0	1-7	1,370	16.0	3=>1	6490	22	1-3-7	6150	21			3,11(1,10,12)-9,8(6,7)(5,4)2	3,11(1,10)12,9-7,8-(5,4)6,2	12.5 - 10.9 - 11.6 - 12.2 - 12.7	12.5 - 23.4 - 35.0 - 47.2 - 59.9 (35.0-36.5)
200201020108	ダ	右	1700	晴	良	13:45	3歳以上500万下		2002-9-7	2	札幌	1	3歳以上500万下	(特指)(別定)	11	4310	10	11	760	9	8	150	1	4	580	8	6-8	810	4	8-11	6380.0	25.0	8-11	2,130	25.0	4-11	5,660	45.0	4-8	1,430	16.0	11=>8	16620	54	4-8-11	29130	76	(*10,12)1,11(4,5)7-6,8,3,2-9	10,12,1,11,5(4,6,7)-8-3-(2,9)	10(1,12,11)(4,6,5)(8,7)-3(2,9)	(*10,11)-(1,6)(4,8)5(12,7)3(2,9)	6.8 - 11.2 - 12.0 - 12.4 - 12.8 - 12.6 - 12.7 - 13.1 - 13.6	6.8 - 18.0 - 30.0 - 42.4 - 55.2 - 67.8 - 80.5 - 93.6 - 107.2 (30.0-39.4)
200201020109	ダ	右	1700	晴	良	14:20	3歳以上500万下		2002-9-7	2	札幌	1	3歳以上500万下	(混)[指](別定)	10	220	1	10	120	1	13	210	3	7	850	10	7-8	480	1	10-13	950.0	3.0	10-13	370	2.0	7-10	1,290	18.0	7-13	3,290	36.0	10=>13	1300	2	7-10-13	11770	37	(12,*13)3,10,11,7(1,8)(4,5,9)-6,2	13(12,3)10,11-(7,8)1-(4,5)9(2,6)	13(3,10)11(12,7)(5,8)1,4,6(2,9)	13,10-(7,11)3(12,1,5,8,6)4,2-9	6.8 - 11.5 - 12.2 - 12.7 - 12.5 - 12.4 - 12.6 - 12.7 - 13.4	6.8 - 18.3 - 30.5 - 43.2 - 55.7 - 68.1 - 80.7 - 93.4 - 106.8 (30.5-38.7)
200201020110	芝	右	1800	晴	良	14:55	コスモス賞 		2002-9-7	2	札幌	1	2歳オープン	(混)(特指)(別定)	10	440	3	10	160	3	1	160	2	2	220	5	1-7	1020	1	1-10	1060.0	1.0	1-10	450	3.0	2-10	670	9.0	1-2	500	6.0	10=>1	2100	2	1-2-10	2220	5	10(6,11)(1,4)(2,3)(8,12)5(7,9)	10,6,11(1,4)-(2,3,12)8(5,9)7	10,6(1,11,4)2(3,12)(9,7)(5,8)	10,6(1,4)(2,12)11(3,9)7-8,5	12.7 - 11.9 - 12.4 - 12.6 - 12.6 - 12.4 - 12.0 - 12.3 - 12.3	12.7 - 24.6 - 37.0 - 49.6 - 62.2 - 74.6 - 86.6 - 98.9 - 111.2 (37.0-36.6)
200201020111	芝	右	1500	曇	良	15:30	ポプラ特別 		2002-9-7	2	札幌	1	3歳以上1000万下	(混)[指](ハンデ)	8	1060	5	8	260	5	5	150	1	1	570	8	5-6	1190	6	5-8	1940.0	7.0	5-8	830	8.0	1-8	3,750	33.0	1-5	1,870	21.0	8=>5	5470	21	1-5-8	19210	51		11,2,6(4,8)(1,3,5,7,10,12)-9	11-(2,6,8)(4,5,10)(1,12)(3,7)9	11-(2,8)6(4,5)(1,10)(12,7)-(9,3)	6.7 - 11.6 - 11.2 - 11.5 - 11.4 - 12.0 - 12.4 - 12.3	6.7 - 18.3 - 29.5 - 41.0 - 52.4 - 64.4 - 76.8 - 89.1 (29.5-36.7)
200201020112	芝	右	2000	曇	良	16:10	定山渓特別 		2002-9-7	2	札幌	1	3歳以上500万下	(混)[指](別定)	2	370	2	2	150	1	1	180	3	4	700	9	1-2	660	3	1-2	680.0	1.0	1-2	290	2.0	2-4	2,640	24.0	1-4	2,840	27.0	2=>1	1360	2	1-2-4	9060	32	1,7-2,9-(5,8)(4,10)6,3	1,7(2,9)-(5,8)(4,6,10)3	(*1,7)(2,9)(5,8)(4,10)3,6	(*1,7)(2,5,9)(4,8,10)6,3	12.8 - 12.0 - 12.7 - 13.3 - 12.5 - 12.5 - 12.0 - 11.9 - 12.2 - 12.1	12.8 - 24.8 - 37.5 - 50.8 - 63.3 - 75.8 - 87.8 - 99.7 - 111.9 - 124.0 (37.5-36.2)
200201020201	ダ	右	1700	晴	良	09:55	3歳未勝利		2002-9-8	2	札幌	2	3歳未勝利	(混)[指](馬齢)	6	330	1	6	140	1	8	140	2	4	230	6	5-6	400	1	6-8	680.0	1.0	6-8	290	1.0	4-6	620	9.0	4-8	760	12.0	6=>8	1020	1	4-6-8	1950	4	(*6,9)(8,11)(10,13)12,1,4,5,2,7=3	(*6,9)(8,11)(10,13)12,1,4,5,2,7=3	(*6,9)(11,13)(1,8,7)(4,12)10,2,5-3	6,9(1,13)(8,11)(2,4)7-12(3,5)-10	6.8 - 11.6 - 12.5 - 13.3 - 13.4 - 12.9 - 12.8 - 12.9 - 13.0	6.8 - 18.4 - 30.9 - 44.2 - 57.6 - 70.5 - 83.3 - 96.2 - 109.2 (30.9-38.7)
200201020202	芝	右	1200	晴	良	10:20	3歳未勝利		2002-9-8	2	札幌	2	3歳未勝利	[指](馬齢)	15	610	2	15	160	2	16	250	5	12	120	1	8-8	2130	9	15-16	2250.0	7.0	15-16	730	6.0	12-15	210	1.0	12-16	450	3.0	15=>16	4110	13	12-15-16	1450	2			4-16-(3,8)(2,9)(10,15,13)(6,14)(7,12)(5,11,1)	4-16(8,13)(2,15)9(10,3,12)14,7(6,11)(5,1)	12.1 - 10.6 - 11.1 - 12.0 - 13.0 - 12.4	12.1 - 22.7 - 33.8 - 45.8 - 58.8 - 71.2 (33.8-37.4)
200201020203	ダ	右	1000	曇	良	10:50	2歳新馬		2002-9-8	2	札幌	2	2歳新馬	(混)[指](馬齢)	9	1180	3	9	180	3	12	120	1	3	250	5	7-8	350	2	9-12	830.0	3.0	9-12	360	3.0	3-9	1,120	11.0	3-12	500	5.0	9=>12	2950	7	3-9-12	2710	9			9,12-10(3,6)2,7,8,11=5=4=1	9,12=(3,6)7,10,2-11,8=5-4=1	12.5 - 11.2 - 11.5 - 11.8 - 12.9	12.5 - 23.7 - 35.2 - 47.0 - 59.9 (35.2-36.2)
200201020204	芝	右	1200	曇	良	11:15	2歳500万下		2002-9-8	2	札幌	2	2歳500万下	(混)(特指)(馬齢)	8	590	4	8	210	4	10	260	5	5	350	6	5-6	790	3	8-10	2010.0	10.0	8-10	700	9.0	5-8	1,340	15.0	5-10	1,720	22.0	8=>10	3950	20	5-8-10	8610	25			8-(1,4,6,10)(2,11)(12,13)14(5,7)-9-3	8=10,1,4,6,5(2,11,13)7(9,14)12-3	12.1 - 10.4 - 11.0 - 11.6 - 12.1 - 12.7	12.1 - 22.5 - 33.5 - 45.1 - 57.2 - 69.9 (33.5-36.4)
200201020205	芝	右	1800	曇	良	12:15	2歳新馬		2002-9-8	2	札幌	2	2歳新馬	(混)[指](馬齢)	11	2060	7	11	480	7	4	380	5	10	260	4	4-8	5880	17	4-11	7410.0	23.0	4-11	2,860	26.0	10-11	1,950	20.0	4-10	1,350	14.0	11=>4	17660	50	4-10-11	16280	49	4,11,10,2,9,1,7(6,12)3,8-5	4,11,10(2,1,9)(3,7,6)(8,12)5	4(11,2,10)(1,9)(3,7)(8,12,6)-5	(11,*4)10(3,2,9)(1,7,12)8-6-5	12.6 - 11.8 - 12.9 - 13.2 - 12.6 - 12.5 - 11.9 - 12.0 - 12.1	12.6 - 24.4 - 37.3 - 50.5 - 63.1 - 75.6 - 87.5 - 99.5 - 111.6 (37.3-36.0)
200201020206	芝	右	2000	晴	良	12:45	3歳未勝利		2002-9-8	2	札幌	2	3歳未勝利	(混)[指](馬齢)	6	3830	11	6	920	11	7	230	2	10	240	3	3-4	1910	8	6-7	12580.0	40.0	6-7	3,620	42.0	6-10	5,030	48.0	7-10	670	4.0	6=>7	30680	87	6-7-10	31870	96	13=(1,8)-(5,16)3(7,6,9)-(2,14)11,12(4,10)-15	13=1,8-(5,16)-(7,6)(3,9)(2,14)-(11,12)(4,10)-15	13-1,8(5,7,16)6(2,9)(11,14,12,10)-(4,15)-3	7(13,16)(9,6,10)(14,1)(8,12)(5,2,11,15)4=3	12.8 - 10.7 - 11.7 - 12.3 - 12.4 - 12.9 - 12.7 - 13.0 - 12.7 - 12.4	12.8 - 23.5 - 35.2 - 47.5 - 59.9 - 72.8 - 85.5 - 98.5 - 111.2 - 123.6 (35.2-38.1)
200201020207	ダ	右	1000	晴	良	13:15	3歳以上500万下		2002-9-8	2	札幌	2	3歳以上500万下	(混)(特指)(別定)	1	2780	9	1	490	9	2	240	4	12	120	1	1-2	5270	23	1-2	10120.0	34.0	1-2	2,310	31.0	1-12	1,210	15.0	2-12	340	1.0	1=>2	22440	66	1-2-12	7220	25			(*2,11)12(1,8,10)7,3(4,5,6,9)	2(11,12)-1,10,8-7,3(4,5,6,9)	12.3 - 10.7 - 11.5 - 12.0 - 13.5	12.3 - 23.0 - 34.5 - 46.5 - 60.0 (34.5-37.0)
200201020208	ダ	右	1700	晴	良	13:45	3歳以上500万下		2002-9-8	2	札幌	2	3歳以上500万下	[指](別定)	1	490	3	1	210	3	6	140	1	10	320	7	1-5	960	2	1-6	990.0	2.0	1-6	430	2.0	1-10	880	14.0	6-10	610	6.0	1=>6	2020	4	1-6-10	3850	14	11-(8,10)(1,9,12)(3,7)(4,5)-(2,6)	11-(8,10)(1,12)9,7,3,5(4,2,6)	(*11,8,10)(1,9,7)12,3(5,2,6)4	10(8,1)(11,9,7,6)(3,2)4(5,12)	6.8 - 10.9 - 12.5 - 12.7 - 12.6 - 12.7 - 12.7 - 13.4 - 13.2	6.8 - 17.7 - 30.2 - 42.9 - 55.5 - 68.2 - 80.9 - 94.3 - 107.5 (30.2-39.3)
200201020209	芝	右	1800	曇	良	14:20	3歳以上500万下		2002-9-8	2	札幌	2	3歳以上500万下	(特指)(別定)	6	5920	10	6	1,020	10	3	310	4	2	860	6	3-4	8410	21	3-6	12320.0	31.0	3-6	3,780	32.0	2-6	8,910	57.0	2-3	3,190	30.0	6=>3	35980	69	2-3-6	52690	114	1,2,3-4(6,9)(5,10,12)(8,14)(7,13)11	1,2,3,6,4(5,9)(10,12)(7,8,13,14)11	1,2,3,6-5,10-(4,13,9)(7,14,12)8,11	(*1,2,3)6,10,5-(13,9)14(7,12)(8,11)4	12.9 - 11.8 - 12.2 - 12.3 - 12.3 - 12.2 - 12.1 - 12.1 - 12.2	12.9 - 24.7 - 36.9 - 49.2 - 61.5 - 73.7 - 85.8 - 97.9 - 110.1 (36.9-36.4)
200201020210	芝	右	1200	曇	良	14:55	礼文特別 		2002-9-8	2	札幌	2	3歳以上500万下	(混)[指](別定)	13	490	2	13	220	5	6	160	1	7	200	4	3-7	1140	4	6-13	1330.0	3.0	6-13	550	4.0	7-13	860	10.0	6-7	440	2.0	13=>6	2530	4	6-7-13	2500	4			16,13(4,8,14,15)(7,10,11)(2,3,6,9)12(1,5)	16(13,15)(4,8,14)(7,9,11)(3,6)(2,10)(1,5,12)	12.6 - 10.9 - 11.3 - 11.8 - 12.1 - 12.1	12.6 - 23.5 - 34.8 - 46.6 - 58.7 - 70.8 (34.8-36.0)
200201020211	芝	右	2600	晴	良	15:30	札幌日経オープン 		2002-9-8	2	札幌	2	3歳以上オープン	(混)(指)(別定)	8	2000	7	8	550	8	7	580	9	3	160	2	7-7	14480	27	7-8	16800.0	38.0	7-8	4,230	38.0	3-8	1,370	18.0	3-7	1,510	19.0	8=>7	39870	78	3-7-8	24950	71	8(9,6)10(3,4,1)7(5,2)	8,6,9,10(3,1)4(5,7)2	8(9,6)(3,4,7)(5,10)2,1	(*8,3,7)(9,6)2(5,4)-10=1	12.9 - 11.7 - 11.9 - 12.3 - 11.7 - 12.5 - 13.0 - 12.8 - 12.3 - 12.5 - 12.3 - 12.6 - 12.8	12.9 - 24.6 - 36.5 - 48.8 - 60.5 - 73.0 - 86.0 - 98.8 - 111.1 - 123.6 - 135.9 - 148.5 - 161.3 (36.5-37.7)
200201020212	ダ	右	1700	晴	良	16:10	アカシヤ特別 		2002-9-8	2	札幌	2	3歳以上1000万下	(混)[指](別定)	11	650	5	11	220	6	1	210	5	9	180	2	1-7	2330	11	1-11	2150.0	13.0	1-11	720	14.0	9-11	550	9.0	1-9	450	4.0	11=>1	4870	29	1-9-11	3010	14	(*10,11)-12,1,9-5(3,6)(2,4,8)13-7	10,11,12-1,9(3,5,6)-(2,4)8-13,7	(*10,11)(12,5,9)(3,1,6)(2,4)-8,13-7	11(12,5,9)1(10,4)(3,2,6)13-8=7	6.8 - 11.2 - 12.4 - 12.5 - 12.6 - 12.4 - 12.5 - 12.5 - 12.8	6.8 - 18.0 - 30.4 - 42.9 - 55.5 - 67.9 - 80.4 - 92.9 - 105.7 (30.4-37.8)
200201020301	芝	右	1800	晴	良	09:55	2歳未勝利		2002-9-14	2	札幌	3	2歳未勝利	(混)[指](馬齢)	11	800	3	11	200	3	4	160	2	10	530	8	3-7	500	3	4-11	1310.0	4.0	4-11	620	8.0	10-11	3,840	29.0	4-10	2,010	19.0	11=>4	2950	12	4-10-11	11700	35	(9,*11)12(2,3,5)(10,14)(4,13)(1,6)8,7	9,11(2,12)3(4,5)(10,14)(1,13,6)(7,8)	(*9,11)12(2,3)4(10,5,14)(1,6)8(7,13)	11(9,4)-(2,3)-(10,6)12(1,5,14)7,8=13	12.4 - 11.7 - 12.3 - 12.5 - 12.2 - 12.0 - 12.1 - 12.7 - 12.2	12.4 - 24.1 - 36.4 - 48.9 - 61.1 - 73.1 - 85.2 - 97.9 - 110.1 (36.4-37.0)
200201020302	ダ	右	1000	曇	良	10:20	3歳未勝利		2002-9-14	2	札幌	3	3歳未勝利	牝[指](馬齢)	8	130	1	8	100	1	6	300	6	12	280	5	5-6	600	3	6-8	880.0	3.0	6-8	410	5.0	8-12	300	2.0	6-12	2,170	21.0	8=>6	1270	5	6-8-12	3030	11			12-(11,8)(1,2)7,3,5(6,4)9 10	(*12,8)-1,3(6,2,7)5-4(11,9) 10	12.6 - 11.2 - 12.2 - 12.0 - 12.6	12.6 - 23.8 - 36.0 - 48.0 - 60.6 (36.0-36.8)
200201020303	ダ	右	1700	曇	良	10:45	3歳未勝利		2002-9-14	2	札幌	3	3歳未勝利	(父)[指](馬齢)	7	850	5	7	210	5	4	200	3	3	140	2	4-6	2830	12	4-7	2180.0	10.0	4-7	660	10.0	3-7	510	6.0	3-4	480	5.0	7=>4	4960	20	3-4-7	3160	12	9(2,3)(4,5)-1(6,10,11)8,7	(*9,3)5(2,4)-(1,11)(6,10)(7,8)	(*9,3,5)(2,4)(7,1)8(6,11)10	(3,*4,7)5-(9,1)-(2,8)6=10=11	7.0 - 11.2 - 12.4 - 12.6 - 12.9 - 12.9 - 13.4 - 12.8 - 13.0	7.0 - 18.2 - 30.6 - 43.2 - 56.1 - 69.0 - 82.4 - 95.2 - 108.2 (30.6-39.2)
200201020304	ダ	右	1700	晴	良	11:15	3歳未勝利		2002-9-14	2	札幌	3	3歳未勝利	[指](馬齢)	11	300	2	11	150	2	4	160	3	7	300	5	4-8	1010	3	4-11	1130.0	4.0	4-11	420	3.0	7-11	550	6.0	4-7	950	10.0	11=>4	2180	7	4-7-11	3010	9	10(11,5)(1,6)8(2,3)-(7,4)-9	(*10,11)5(1,6)(2,8)(3,7)-4-9	11(10,5,6)1(7,4)2(8,3)=9	11,7,4,1-6-2(5,3)10,9,8	7.0 - 11.1 - 12.2 - 12.8 - 12.8 - 12.8 - 13.2 - 13.0 - 13.8	7.0 - 18.1 - 30.3 - 43.1 - 55.9 - 68.7 - 81.9 - 94.9 - 108.7 (30.3-40.0)
200201020305	芝	右	1000	晴	良	12:15	2歳新馬		2002-9-14	2	札幌	3	2歳新馬	[指](馬齢)	3	170	1	3	110	1	7	160	3	1	880	8	3-7	330	1	3-7	330.0	1.0	3-7	180	1.0	1-3	1,320	16.0	1-7	2,620	24.0	3=>7	560	1	1-3-7	6610	21			(*1,3)(4,7)-(6,8)=5-2=9	(1,*3,7)-(6,4,8)=5=2=9	12.7 - 10.9 - 11.5 - 12.1 - 11.7	12.7 - 23.6 - 35.1 - 47.2 - 58.9 (35.1-35.3)
200201020306	芝	右	1800	晴	良	12:45	3歳未勝利		2002-9-14	2	札幌	3	3歳未勝利	(混)[指](馬齢)	4	250	1	4	140	1	13	150	3	2	1,830	13	3-8	520	2	4-13	720.0	2.0	4-13	370	2.0	2-4	3,780	36.0	2-13	7,420	57.0	4=>13	1120	3	2-4-13	23810	70	(*7,8)2(4,10,11)(6,9,14)12-(1,5,13)-3	7,8,2(4,10,11)6,14(9,12)(1,5,13)-3	(*7,8)11,2,4(6,10,12)(9,13)14(1,3,5)	(7,*8)(2,4,11)(6,9,13)12,3(1,10)5-14	12.5 - 11.9 - 12.2 - 12.2 - 12.4 - 11.9 - 12.1 - 12.8 - 12.5	12.5 - 24.4 - 36.6 - 48.8 - 61.2 - 73.1 - 85.2 - 98.0 - 110.5 (36.6-37.4)
200201020307	ダ	右	1000	晴	良	13:15	3歳以上500万下		2002-9-14	2	札幌	3	3歳以上500万下	(特指)(別定)	7	180	1	7	110	1	5	140	2	12	300	6	5-6	300	1	5-7	340.0	1.0	5-7	170	1.0	7-12	610	8.0	5-12	980	13.0	7=>5	530	1	5-7-12	2050	6			(*10,12)7(5,9,11)(1,8)6,2,3,4	(*10,12)(7,11)5-1(6,9,2,8)-(3,4)	12.5 - 11.0 - 11.7 - 11.9 - 12.9	12.5 - 23.5 - 35.2 - 47.1 - 60.0 (35.2-36.5)
200201020308	ダ	右	1700	晴	良	13:45	3歳以上500万下		2002-9-14	2	札幌	3	3歳以上500万下	[指](別定)	7	690	3	7	190	3	10	220	4	6	270	5	6-7	590	3	7-10	3160.0	12.0	7-10	1,090	12.0	6-7	960	8.0	6-10	1,190	13.0	7=>10	6320	22	6-7-10	8570	29	(1,*10)6,9,8(7,11,12)3,5,2-4	10,1,6(8,9)(7,11)12,3,5-(2,4)	(*10,6)9(8,11,5)(1,7)-(3,4,12)-2	10(6,5)8,9,7,11(1,4,12)(3,2)	7.3 - 11.3 - 11.8 - 12.8 - 13.0 - 12.6 - 12.4 - 12.7 - 13.2	7.3 - 18.6 - 30.4 - 43.2 - 56.2 - 68.8 - 81.2 - 93.9 - 107.1 (30.4-38.3)
200201020309	芝	右	1200	晴	良	14:20	3歳以上500万下		2002-9-14	2	札幌	3	3歳以上500万下	(混)[指](別定)	3	3080	9	3	820	9	14	210	3	8	490	6	3-8	820	3	3-14	9320.0	30.0	3-14	2,560	26.0	3-8	6,790	51.0	8-14	1,670	17.0	3=>14	27200	69	3-8-14	56000	125			14(7,9)(3,12)13,6(4,10)8,5(2,1)-11	14(3,7,9)(4,6,12)(8,10,13)(5,2,1)-11	12.2 - 11.0 - 11.3 - 11.6 - 12.3 - 11.8	12.2 - 23.2 - 34.5 - 46.1 - 58.4 - 70.2 (34.5-35.7)
200201020310	芝	右	2000	晴	良	14:55	恵庭岳特別 		2002-9-14	2	札幌	3	3歳以上500万下	(混)(特指)(別定)	8	1310	5	8	370	5	4	220	3	1	210	2	4-6	1240	5	4-8	3350.0	12.0	4-8	1,040	11.0	1-8	1,050	12.0	1-4	530	4.0	8=>4	8690	27	1-4-8	4430	13	8(7,9,13)(1,4,6)(10,11,12)3,2-5	8(7,9)(1,4,13)6(10,11)12(3,2)-5	8(7,9)(1,4,13)(6,12)(3,10)(2,11)5	8(7,9)(1,4)(3,10,13)(2,6,12)5-11	13.3 - 11.6 - 12.4 - 12.7 - 12.5 - 12.6 - 12.2 - 12.0 - 12.3 - 12.0	13.3 - 24.9 - 37.3 - 50.0 - 62.5 - 75.1 - 87.3 - 99.3 - 111.6 - 123.6 (37.3-36.3)
200201020311	芝	右	1200	晴	良	15:30	サロマ湖特別 		2002-9-14	2	札幌	3	3歳以上1000万下	(混)(特指)(別定)	6	650	3	6	210	3	1	120	1	12	280	5	1-4	930	3	1-6	1010.0	3.0	1-6	400	3.0	6-12	1,290	15.0	1-12	630	6.0	6=>1	2780	8	1-6-12	3030	8			8(6,11)(1,5,15)(7,12)(3,14)(10,13)(2,4,9)	(8,*6,11)15(1,5)(7,12)(3,14,13)10(2,4,9)	12.2 - 11.0 - 11.2 - 11.6 - 12.0 - 12.0	12.2 - 23.2 - 34.4 - 46.0 - 58.0 - 70.0 (34.4-35.6)
200201020312	ダ	右	1700	晴	良	16:10	美唄特別 		2002-9-14	2	札幌	3	3歳以上500万下	(混)[指](別定)	9	460	4	9	160	4	7	150	3	6	120	1	7-8	820	6	7-9	1210.0	6.0	7-9	390	6.0	6-9	260	3.0	6-7	230	2.0	9=>7	2260	12	6-7-9	880	3	6(4,5)(1,7)(2,9)(3,8)	6,5,4,1,7,2,9(3,8)	6,5(1,7)(4,9)2(3,8)	6(5,7)1,9-(3,2)8,4	7.0 - 11.3 - 11.9 - 12.1 - 12.3 - 12.4 - 12.5 - 12.9 - 13.4	7.0 - 18.3 - 30.2 - 42.3 - 54.6 - 67.0 - 79.5 - 92.4 - 105.8 (30.2-38.8)
200201020401	ダ	右	1000	晴	良	09:55	2歳未勝利		2002-9-15	2	札幌	4	2歳未勝利	[指](馬齢)	11	130	1	11	100	1	7	270	7	12	180	2	6-8	250	1	7-11	910.0	4.0	7-11	380	4.0	11-12	250	3.0	7-12	1,500	17.0	11=>7	1220	5	7-11-12	2270	10			(*7,11)12-1,3-(2,10,9)-(6,4,8)-5	(*7,11)12-1(2,3,9)(6,4)(10,8)-5	12.6 - 10.9 - 11.8 - 12.5 - 13.3	12.6 - 23.5 - 35.3 - 47.8 - 61.1 (35.3-37.6)
200201020402	ダ	右	1700	晴	良	10:20	3歳未勝利		2002-9-15	2	札幌	4	3歳未勝利	[指](馬齢)	13	300	2	13	170	2	2	400	6	3	690	8	2-8	4260	13	2-13	3000.0	10.0	2-13	880	8.0	3-13	2,000	17.0	2-3	4,130	34.0	13=>2	4460	13	2-3-13	32030	69	(*1,10)11(3,13)7(2,4)12-8,9(5,6)	1(10,11)(3,13)7(2,4)12(8,9)(5,6)	(*1,11)(3,13)10(2,7)4(5,12)(8,9)-6	(*1,11,13)(2,7)3(4,12)(5,9)8(10,6)	7.1 - 11.6 - 12.9 - 12.8 - 12.9 - 12.9 - 13.0 - 13.3 - 13.2	7.1 - 18.7 - 31.6 - 44.4 - 57.3 - 70.2 - 83.2 - 96.5 - 109.7 (31.6-39.5)
200201020403	ダ	右	1000	晴	良	10:45	3歳未勝利		2002-9-15	2	札幌	4	3歳未勝利	(混)[指](馬齢)	6	490	3	6	170	3	1	240	5	2	220	4	1-5	1250	6	1-6	2680.0	11.0	1-6	930	11.0	2-6	800	7.0	1-2	1,290	16.0	6=>1	5400	21	1-2-6	5960	21			(*1,5,11)2-6(3,9,8)4,10=7-12	(*1,5,11)-(2,6)(3,9,4)8,10-7=12	12.9 - 11.3 - 12.0 - 12.3 - 12.5	12.9 - 24.2 - 36.2 - 48.5 - 61.0 (36.2-36.8)
200201020404	芝	右	1200	晴	良	11:15	2歳500万下		2002-9-15	2	札幌	4	2歳500万下	(特指)(馬齢)	7	1020	5	7	390	6	5	200	2	2	520	8	3-4	2000	9	5-7	2880.0	12.0	5-7	1,000	9.0	2-7	2,570	29.0	2-5	1,150	14.0	7=>5	6960	23	2-5-7	9400	31			(*2,6)10(1,7,14)(5,9)(3,11)12(8,13)(4,15)	(*2,6)7(1,5,10)(3,9,14)11,13,4,8(12,15)	12.1 - 10.7 - 11.2 - 11.8 - 12.5 - 12.0	12.1 - 22.8 - 34.0 - 45.8 - 58.3 - 70.3 (34.0-36.3)
200201020405	芝	右	1200	晴	良	12:15	2歳新馬		2002-9-15	2	札幌	4	2歳新馬	(混)[指](馬齢)	6	820	3	6	140	3	1	100	1	7	110	2	1-6	720	3													6=>1	2270	7	1-6-7	390	1			(1,*4,6)7,8-2-5=3	(*1,4)6,7,8-2=5=3	12.2 - 10.7 - 11.3 - 11.7 - 12.4 - 12.3	12.2 - 22.9 - 34.2 - 45.9 - 58.3 - 70.6 (34.2-36.4)
200201020406	芝	右	1200	晴	良	12:45	3歳未勝利		2002-9-15	2	札幌	4	3歳未勝利	[指](馬齢)	4	5190	10	4	1,700	11	11	170	2	14	270	5	2-6	3590	12	4-11	18750.0	37.0	4-11	3,510	27.0	4-14	7,070	47.0	11-14	650	7.0	4=>11	54660	87	4-11-14	38810	93			(*12,14)-(7,11)(9,16)(2,8)15(6,4)3(1,10)5=13	(*12,14)11,7(9,16)(2,8,4,15)-(6,1)5(3,10)=13	12.3 - 10.7 - 11.0 - 11.6 - 12.6 - 12.5	12.3 - 23.0 - 34.0 - 45.6 - 58.2 - 70.7 (34.0-36.7)
200201020407	ダ	右	1700	晴	良	13:15	3歳以上500万下		2002-9-15	2	札幌	4	3歳以上500万下	牝[指](別定)	3	190	1	3	140	1	5	680	8	11	1,130	10	3-5	570	2	3-5	3920.0	14.0	3-5	1,700	17.0	3-11	3,550	29.0	5-11	22,350	60.0	3=>5	6200	21	3-5-11	115060	131	11(5,12)3,6(2,8)(4,9)1,10-7	11,5(3,12)(2,6,8,4)9(1,10)-7	(*11,5)(12,4)3,8(2,6)9(1,10)-7	(*11,5)(3,4)(2,6)(12,8)10,9,1-7	6.9 - 11.7 - 12.8 - 12.9 - 12.8 - 12.3 - 12.3 - 12.6 - 13.1	6.9 - 18.6 - 31.4 - 44.3 - 57.1 - 69.4 - 81.7 - 94.3 - 107.4 (31.4-38.0)
200201020408	ダ	右	1700	晴	良	13:45	3歳以上500万下		2002-9-15	2	札幌	4	3歳以上500万下	[指](別定)	2	330	1	2	120	1	7	160	2	5	170	3	2-6	430	1	2-7	580.0	1.0	2-7	260	1.0	2-5	410	4.0	5-7	420	5.0	2=>7	970	1	2-5-7	1170	2	11-6,2(7,9)10(3,5)8-4,1	11-6,2,7,9-(3,5,10)8(1,4)	6(2,7)11(5,9)(3,10,4,8)1	(6,*2,7)5-(10,9,4)(1,8)-3-11	7.0 - 11.1 - 12.1 - 12.8 - 13.3 - 12.6 - 12.6 - 12.7 - 12.7	7.0 - 18.1 - 30.2 - 43.0 - 56.3 - 68.9 - 81.5 - 94.2 - 106.9 (30.2-38.0)
200201020409	芝	右	1200	晴	良	14:20	3歳以上500万下		2002-9-15	2	札幌	4	3歳以上500万下	(特指)(別定)	13	130	1	13	110	1	5	280	5	3	420	7	4-8	600	3	5-13	850.0	3.0	5-13	390	4.0	3-13	750	7.0	3-5	2,580	25.0	13=>5	980	3	3-5-13	4840	12			10,13,5(7,8)3(6,9,11,12)(4,2)-1	(*10,13)(5,7,8)(3,6,9)11(2,12)-4,1	12.4 - 10.7 - 11.3 - 11.6 - 12.3 - 12.0	12.4 - 23.1 - 34.4 - 46.0 - 58.3 - 70.3 (34.4-35.9)
200201020410	芝	右	2600	晴	良	14:55	積丹特別 		2002-9-15	2	札幌	4	3歳以上500万下	(混)(特指)(別定)	6	970	5	6	270	5	2	140	1	7	320	6	2-6	1620	6	2-6	1480.0	5.0	2-6	600	6.0	6-7	1,510	21.0	2-7	530	4.0	6=>2	3910	15	2-6-7	4520	15	10(1,3)4-6(2,5)9,7-8	10(1,3)4,6(2,5,9)7-8	10,4(1,6,9)(7,3,2,5)-8	10(4,6,9)(1,7,2,5)8-3	13.4 - 11.8 - 12.6 - 13.6 - 12.4 - 13.2 - 13.5 - 12.9 - 12.2 - 12.0 - 12.0 - 12.4 - 12.4	13.4 - 25.2 - 37.8 - 51.4 - 63.8 - 77.0 - 90.5 - 103.4 - 115.6 - 127.6 - 139.6 - 152.0 - 164.4 (37.8-36.8)
200201020411	芝	右	1800	晴	良	15:30	HTB賞 		2002-9-15	2	札幌	4	3歳以上1000万下	(混)(特指)(別定)	5	210	1	5	130	1	4	240	4	12	590	9	3-4	950	3	4-5	1080.0	3.0	4-5	460	3.0	5-12	1,810	24.0	4-12	3,840	37.0	5=>4	1630	4	4-5-12	15590	50	14(6,11)(5,8)(7,10)13(2,4,12)1,9,3	(*14,11)-6,8(5,7)10(2,4)13(1,12)-9,3	14(11,8)(6,5,7)(1,2,4,10)(12,13)-9,3	(*14,8)(6,5,7,10)(1,11,4,13)(2,12)-9,3	12.6 - 11.7 - 11.8 - 12.0 - 12.2 - 12.2 - 12.2 - 12.6 - 12.0	12.6 - 24.3 - 36.1 - 48.1 - 60.3 - 72.5 - 84.7 - 97.3 - 109.3 (36.1-36.8)
200201020412	ダ	右	1700	晴	良	16:10	オホーツクハンデ 		2002-9-15	2	札幌	4	3歳以上1000万下	(混)[指](ハンデ)	13	730	2	13	270	2	3	3,140	13	5	420	6	3-8	16900	25	3-13	49500.0	66.0	3-13	9,740	65.0	5-13	1,200	10.0	3-5	14,200	73.0	13=>3	104130	129	3-5-13	190790	238	(10,*12)-(7,13)4,11,3(5,8)9,1-2-6	(10,*12)-(7,13)(4,11)(3,5)-8(1,9)-2-6	12,10(3,13,11)(7,4)5-(8,9)1,2-6	12(10,13)(3,11)-5(4,2)8(7,9)(1,6)	6.7 - 10.9 - 11.7 - 12.0 - 12.4 - 12.5 - 12.9 - 13.5 - 13.9	6.7 - 17.6 - 29.3 - 41.3 - 53.7 - 66.2 - 79.1 - 92.6 - 106.5 (29.3-40.3)
200201020501	芝	右	1200	晴	良	09:55	2歳未勝利		2002-9-21	2	札幌	5	2歳未勝利	[指](馬齢)	8	5660	8	8	690	8	9	110	1	2	140	2	4-5	550	2	8-9	3310.0	11.0	8-9	1,110	14.0	2-8	1,910	20.0	2-9	190	1.0	8=>9	10080	28	2-8-9	3860	12			(*8,15)(4,7,10,13)(2,16)(1,9)(3,11)5,14(6,12)	8,15(10,13)(7,2,9)(1,16)(4,3)(5,11)14-(6,12)	12.3 - 11.0 - 11.6 - 11.6 - 12.1 - 12.2	12.3 - 23.3 - 34.9 - 46.5 - 58.6 - 70.8 (34.9-35.9)
200201020502	ダ	右	1700	晴	良	10:20	3歳未勝利		2002-9-21	2	札幌	5	3歳未勝利	[指](馬齢)	7	310	1	7	170	2	12	690	8	2	290	5	5-8	3950	18	7-12	4820.0	17.0	7-12	1,540	19.0	2-7	890	11.0	2-12	3,120	28.0	7=>12	9420	34	2-7-12	12490	42	(*2,3)4(1,7,8)-9-(5,10)(6,13)-11-12	(*2,3,8)4,1,7-9,5,10(6,13)-11,12	2(3,8,7)(1,4)10(9,5)6,12-13-11	(*2,7)12-8(4,10)(1,5,6)3,9,13-11	7.0 - 11.4 - 12.2 - 12.7 - 12.7 - 12.8 - 13.3 - 13.3 - 13.9	7.0 - 18.4 - 30.6 - 43.3 - 56.0 - 68.8 - 82.1 - 95.4 - 109.3 (30.6-40.5)
200201020503	ダ	右	1700	晴	良	10:45	3歳未勝利		2002-9-21	2	札幌	5	3歳未勝利	(混)[指](馬齢)	12	170	1	12	110	1	5	310	5	7	140	2	4-8	1280	4	5-12	1380.0	4.0	5-12	680	7.0	7-12	240	2.0	5-7	1,410	15.0	12=>5	1830	5	5-7-12	2580	7	5,8,12(2,1)(7,9)(3,13)4-(10,11)-6	5(8,12)(2,1,9)-(3,7,13)4-10-(11,6)	5(2,12)(8,1,9)(3,7)(4,13)10=6-11	5,12-1(2,7)10,9,3-8,4(13,6)-11	7.0 - 11.4 - 12.3 - 12.9 - 12.5 - 12.5 - 12.8 - 12.9 - 13.9	7.0 - 18.4 - 30.7 - 43.6 - 56.1 - 68.6 - 81.4 - 94.3 - 108.2 (30.7-39.6)
200201020504	ダ	右	1000	晴	良	11:15	2歳500万下		2002-9-21	2	札幌	5	2歳500万下	(混)(特指)(馬齢)	1	280	2	1	140	2	10	680	9	12	490	7	1-7	3010	10	1-10	6280.0	18.0	1-10	1,750	20.0	1-12	1,190	14.0	10-12	6,180	43.0	1=>10	9350	27	1-10-12	29570	67			(*1,10)12(2,8,11)-(4,9)7(3,6)5	1,10,12-8,2-11,4,9,7,3,6-5	12.5 - 10.8 - 11.7 - 12.0 - 12.9	12.5 - 23.3 - 35.0 - 47.0 - 59.9 (35.0-36.6)
200201020505	芝	右	1200	晴	良	12:15	3歳未勝利		2002-9-21	2	札幌	5	3歳未勝利	[指](馬齢)	15	550	3	15	200	3	7	450	8	6	140	1	4-8	1350	6	7-15	5160.0	20.0	7-15	1,670	20.0	6-15	540	3.0	6-7	1,510	16.0	15=>7	8890	35	6-7-15	8340	24			(*6,7)16(1,15)(14,12)(3,13)8(2,11)(4,9)5,10	(*6,7)(1,16,15)14(3,8,12)13(2,11)(4,9)10-5	12.5 - 10.9 - 11.3 - 11.7 - 12.1 - 12.3	12.5 - 23.4 - 34.7 - 46.4 - 58.5 - 70.8 (34.7-36.1)
200201020506	芝	右	2000	晴	良	12:45	3歳未勝利		2002-9-21	2	札幌	5	3歳未勝利	[指](馬齢)	6	4210	9	6	720	9	10	110	1	1	220	3	4-6	2220	8	6-10	3180.0	10.0	6-10	1,050	9.0	1-6	2,460	21.0	1-10	420	2.0	6=>10	11380	27	1-6-10	6170	16	5,8(1,9)10,4,7,2(6,12)11,13,14,3	5,8(1,9)10,4(2,7)-(6,12)11,13-14-3	(*5,8,1)(9,10)(4,7)(2,11,6)-12-13,14,3	(*8,1)(5,10)-6,4,11(2,9)-14(7,12)-(13,3)	13.1 - 11.8 - 12.8 - 13.0 - 12.3 - 12.1 - 12.0 - 12.1 - 13.0 - 12.6	13.1 - 24.9 - 37.7 - 50.7 - 63.0 - 75.1 - 87.1 - 99.2 - 112.2 - 124.8 (37.7-37.7)
200201020507	ダ	右	1000	晴	良	13:15	3歳以上500万下		2002-9-21	2	札幌	5	3歳以上500万下	(特指)(別定)	1	1060	6	1	290	6	8	260	4	5	270	5	1-6	4060	17	1-8	4300.0	19.0	1-8	1,350	18.0	1-5	980	12.0	5-8	1,200	16.0	1=>8	9260	35	1-5-8	8840	33			(*5,11)1(3,12)8,10,2,4(7,6,9)	(1,*5,11)-12(8,10)9,6,3(2,4)7	12.4 - 11.0 - 11.6 - 12.2 - 13.3	12.4 - 23.4 - 35.0 - 47.2 - 60.5 (35.0-37.1)
200201020508	ダ	右	1700	晴	良	13:45	3歳以上500万下		2002-9-21	2	札幌	5	3歳以上500万下	(特指)(別定)	11	1970	7	11	450	6	5	150	1	3	190	4	4-7	1360	9	5-11	4590.0	16.0	5-11	1,670	17.0	3-11	2,160	24.0	3-5	330	3.0	11=>5	11610	40	3-5-11	5800	19	11,1,10(8,12)9,13(3,7)(2,4)6-5	11,1(8,10)(9,12)(3,7,13)-(2,4,6)-5	(1,*11)(8,10)(3,13)(12,6)(9,5)(2,7,4)	11,1,8-(3,10)(13,5)-(2,9,6)(12,4)7	6.7 - 11.4 - 12.3 - 12.7 - 12.6 - 12.6 - 12.6 - 12.8 - 13.6	6.7 - 18.1 - 30.4 - 43.1 - 55.7 - 68.3 - 80.9 - 93.7 - 107.3 (30.4-39.0)
200201020509	芝	右	1200	晴	良	14:20	3歳以上500万下		2002-9-21	2	札幌	5	3歳以上500万下	牝[指](別定)	4	910	4	4	520	7	11	140	2	12	1,080	10	3-7	1320	7	4-11	2210.0	8.0	4-11	770	7.0	4-12	5,290	42.0	11-12	2,320	21.0	4=>11	6140	23	4-11-12	36660	81			4,11(3,7)(5,13)(12,10)6(1,14)9,8,2	4,11(3,7,13)(5,12)10(1,6)14-9-2,8	12.2 - 11.1 - 11.2 - 11.5 - 12.0 - 12.5	12.2 - 23.3 - 34.5 - 46.0 - 58.0 - 70.5 (34.5-36.0)
200201020511	芝	右	1200	晴	良	15:30	おおぞら特別 		2002-9-21	2	札幌	5	3歳以上1000万下	(混)	12	1200	5	12	390	6	3	630	7	10	390	5	3-8	3150	10	3-12	15020.0	29.0	3-12	3,760	31.0	10-12	2,030	21.0	3-10	3,780	32.0	12=>3	28570	57	3-10-12	42650	80			12,1,9(2,13)(4,10)(3,7,11)-6,5-8	12,1,9(2,13)(3,4,7,10,11)6-(5,8)	12.0 - 10.9 - 11.1 - 11.6 - 12.1 - 12.4	12.0 - 22.9 - 34.0 - 45.6 - 57.7 - 70.1 (34.0-36.1)
200201020512	ダ	右	1700	晴	良	16:10	釧路湿原特別 		2002-9-21	2	札幌	5	3歳以上500万下	(混)[指](別定)	6	270	2	6	110	1	8	120	2	11	130	3	5-6	260	1	6-8	290.0	1.0	6-8	150	1.0	6-11	190	2.0	8-11	240	3.0	6=>8	730	2	6-8-11	440	1	(*6,8)(9,10)-(4,12)7(3,11)-(2,5)-1	(*6,8)(9,10)4,12,7,11(3,5)2-1	(*6,8)-4(9,7,5)11,12,2-3-(10,1)	(*6,8)-(4,5)-11,7-2,12-9-3,1=10	6.8 - 11.1 - 12.0 - 12.6 - 12.7 - 12.3 - 12.5 - 12.8 - 13.9	6.8 - 17.9 - 29.9 - 42.5 - 55.2 - 67.5 - 80.0 - 92.8 - 106.7 (29.9-39.2)
200201020601	ダ	右	1000	晴	良	09:55	2歳未勝利		2002-9-22	2	札幌	6	2歳未勝利	(混)[指](馬齢)	11	110	1	11	110	1	9	450	7	12	1,010	10	7-8	1720	5	9-11	1610.0	5.0	9-11	720	6.0	11-12	1,530	13.0	9-12	14,310	52.0	11=>9	2020	6	9-11-12	23950	47			11(2,8,9)12(1,3,4)5-(6,10)7	11(8,9)-12,2-1(4,5,10)-3(7,6)	12.6 - 10.9 - 11.9 - 12.0 - 12.6	12.6 - 23.5 - 35.4 - 47.4 - 60.0 (35.4-36.5)
200201020602	ダ	右	1700	晴	良	10:20	3歳未勝利		2002-9-22	2	札幌	6	3歳未勝利	牝[指](馬齢)	4	510	3	4	140	3	2	110	1	11	130	2	2-4	510	2	2-4	540.0	2.0	2-4	210	2.0	4-11	390	5.0	2-11	200	1.0	4=>2	1350	5	2-4-11	740	1	2,4-1(5,6)10(7,11)(8,9)-3	2,4,1,5,6(7,11,10)8,9-3	2,4,5,6,1,11(7,8,10,3)9	(*2,4)-5-(11,6)9(1,8,3)-(7,10)	6.9 - 11.6 - 12.5 - 13.2 - 13.5 - 12.7 - 12.6 - 12.7 - 13.4	6.9 - 18.5 - 31.0 - 44.2 - 57.7 - 70.4 - 83.0 - 95.7 - 109.1 (31.0-38.7)
200201020603	ダ	右	1000	晴	良	10:45	3歳未勝利		2002-9-22	2	札幌	6	3歳未勝利	[指](馬齢)	6	190	1	6	130	1	11	460	8	4	330	5	5-8	1630	7	6-11	3560.0	12.0	6-11	1,090	10.0	4-6	710	7.0	4-11	2,920	32.0	6=>11	5410	19	4-6-11	11810	37			(*8,6,9)(1,7,10)(4,11)(2,3)(5,12)	(*8,6)9-(7,10)1,4(2,3,11)(5,12)	12.7 - 11.4 - 11.7 - 12.3 - 13.6	12.7 - 24.1 - 35.8 - 48.1 - 61.7 (35.8-37.6)
200201020604	芝	右	1800	晴	良	11:15	3歳未勝利		2002-9-22	2	札幌	6	3歳未勝利	[指](馬齢)	3	460	2	3	150	1	1	600	9	8	220	3	1-3	1850	8	1-3	4530.0	21.0	1-3	1,500	19.0	3-8	660	5.0	1-8	1,810	26.0	3=>1	6910	27	1-3-8	10220	38	11,5,10(1,12)(4,7,8)3,14,2,13(6,9)	11(5,10)(1,12,8)(4,7)-(3,14)-2(6,9,13)	8,10(5,12)11(1,4,7)(14,3)-(9,2)-6=13	8(5,10,12,3)(1,4)(9,7,14)2-(11,6)=13	12.6 - 11.8 - 12.5 - 12.3 - 12.0 - 12.3 - 12.2 - 12.7 - 12.3	12.6 - 24.4 - 36.9 - 49.2 - 61.2 - 73.5 - 85.7 - 98.4 - 110.7 (36.9-37.2)
200201020605	芝	右	1800	晴	良	12:15	2歳新馬		2002-9-22	2	札幌	6	2歳新馬	(混)[指](馬齢)	5	5260	9	5	850	9	4	150	2	6	130	1	4-5	450	1	4-5	9070.0	27.0	4-5	2,190	26.0	5-6	1,780	22.0	4-6	230	1.0	5=>4	29250	64	4-5-6	6100	19	6-8(3,10)-(11,12)-1(5,7)2(4,9)	6-8(3,10)(11,12)=(1,5)-(2,7)4-9	6(8,10)(3,12)(11,5)4,2(1,7)9	6-(10,5)(8,4)2,12-(9,7)11(3,1)	12.4 - 11.4 - 11.9 - 11.9 - 12.5 - 12.5 - 12.7 - 13.3 - 12.3	12.4 - 23.8 - 35.7 - 47.6 - 60.1 - 72.6 - 85.3 - 98.6 - 110.9 (35.7-38.3)
200201020606	芝	右	1200	晴	良	12:45	3歳未勝利		2002-9-22	2	札幌	6	3歳未勝利	(混)[指](馬齢)	14	650	3	14	300	5	13	270	4	11	180	2	7-7	3390	11	13-14	3380.0	10.0	13-14	1,030	10.0	11-14	610	5.0	11-13	740	6.0	14=>13	6740	22	11-13-14	4600	11			1,14(2,6,5)16,13-(9,15)(4,12)(3,10)11,7,8	14(1,2,6,5)(13,16)9(11,4)15,12(3,10,7)8	12.1 - 10.7 - 11.4 - 12.1 - 12.4 - 12.4	12.1 - 22.8 - 34.2 - 46.3 - 58.7 - 71.1 (34.2-36.9)
200201020607	ダ	右	1700	晴	良	13:15	3歳以上500万下		2002-9-22	2	札幌	6	3歳以上500万下	(父)[指](別定)	2	1150	4	2	260	5	6	110	1	8	590	9	2-6	730	3	2-6	850.0	3.0	2-6	370	3.0	2-8	3,720	31.0	6-8	1,150	12.0	2=>6	3010	11	2-6-8	7290	21	(6,*7)(1,2,3,4)10(5,8)-9	7(6,4)(2,10)(1,3)8,5,9	(*7,6)2(4,10)(1,3)8-(9,5)	6(7,2)-(4,10)1(8,3)-9=5	7.1 - 11.9 - 12.6 - 13.0 - 12.6 - 12.4 - 12.5 - 12.6 - 12.8	7.1 - 19.0 - 31.6 - 44.6 - 57.2 - 69.6 - 82.1 - 94.7 - 107.5 (31.6-37.9)
200201020608	ダ	右	1000	晴	良	13:45	3歳以上500万下		2002-9-22	2	札幌	6	3歳以上500万下	(混)[指](別定)	8	280	1	8	140	1	6	220	4	11	2,020	12	5-6	350	1	6-8	1400.0	5.0	6-8	550	5.0	8-11	4,340	38.0	6-11	7,400	51.0	8=>6	2100	6	6-8-11	35820	90			(2,*5)-8(11,12)7-10(1,3,6)4-9	(*2,5)8,11(6,12)7,10,1,3(4,9)	12.4 - 11.0 - 11.8 - 12.4 - 12.6	12.4 - 23.4 - 35.2 - 47.6 - 60.2 (35.2-36.8)
200201020609	芝	右	2000	晴	良	14:20	3歳以上500万下		2002-9-22	2	札幌	6	3歳以上500万下	[指](別定)	6	150	1	6	120	1	9	580	9	1	290	5	6-8	660	3	6-9	3490.0	11.0	6-9	1,080	11.0	1-6	710	7.0	1-9	5,170	43.0	6=>9	3780	13	1-6-9	14140	44	3,7-6,1,8(2,9)5,10-4	3-7,6(1,8)(2,9)5,10-4	3-6(7,8)(2,9)(1,5,10)4	(*3,6)(2,8,9)(1,5,10)4-7	13.5 - 11.0 - 12.5 - 13.2 - 12.5 - 12.7 - 12.3 - 12.1 - 12.6 - 11.5	13.5 - 24.5 - 37.0 - 50.2 - 62.7 - 75.4 - 87.7 - 99.8 - 112.4 - 123.9 (37.0-36.2)
200201020610	芝	右	1200	晴	良	14:55	ニセコ特別 		2002-9-22	2	札幌	6	3歳以上500万下	(混)(特指)(別定)	1	280	1	1	110	1	3	130	3	6	130	2	1-3	600	1	1-3	620.0	1.0	1-3	250	1.0	1-6	280	2.0	3-6	420	3.0	1=>3	1030	1	1-3-6	830	1			(3,*12)(1,6,7)11,10,2(8,13)(4,5)(9,14)	3(1,12)7,6(2,10,11,13)8(4,5,9)-14	12.4 - 10.7 - 11.2 - 11.7 - 12.6 - 12.2	12.4 - 23.1 - 34.3 - 46.0 - 58.6 - 70.8 (34.3-36.5)
200201020611	芝	右	2000	晴	良	15:30	UHB賞 		2002-9-22	2	札幌	6	3歳以上1000万下	(混)[指](ハンデ)	4	140	1	4	100	1	8	150	3	7	120	2	4-8	410	2	4-8	520.0	2.0	4-8	200	1.0	4-7	200	2.0	7-8	440	5.0	4=>8	630	2	4-7-8	730	1	4(1,7,9)8-5(2,3)-6	4(1,7,9)8-(2,5)(6,3)	4(7,9)(1,8)5,3,6,2	4,7(3,9)(8,5)(1,6,2)	13.3 - 11.7 - 12.3 - 12.6 - 12.3 - 12.4 - 12.1 - 12.3 - 12.4 - 12.1	13.3 - 25.0 - 37.3 - 49.9 - 62.2 - 74.6 - 86.7 - 99.0 - 111.4 - 123.5 (37.3-36.8)
200201020701	芝	右	1800	曇	良	09:55	2歳未勝利		2002-9-28	2	札幌	7	2歳未勝利	(混)[指](馬齢)	3	720	2	3	130	2	2	110	1	12	250	4	2-3	340	1	2-3	370.0	1.0	2-3	170	1.0	3-12	650	9.0	2-12	280	3.0	3=>2	1300	5	2-3-12	840	1	14-(1,2)(5,11)(3,4)10(6,9)-(7,12)8,13	14-2(1,3,11)5(4,10)(6,9)12(7,8)13	(14,*2)5,3(1,11)4(6,9,10)8(12,13)7	2,5(14,3)-(6,1)(12,4,8,10)9(7,11)13	12.3 - 11.6 - 12.4 - 12.9 - 12.2 - 12.3 - 12.2 - 13.1 - 12.0	12.3 - 23.9 - 36.3 - 49.2 - 61.4 - 73.7 - 85.9 - 99.0 - 111.0 (36.3-37.3)
200201020702	ダ	右	1700	曇	良	10:20	3歳未勝利		2002-9-28	2	札幌	7	3歳未勝利	牝[指](馬齢)	7	310	2	7	130	2	10	150	3	4	490	7	7-8	460	2	7-10	540.0	2.0	7-10	230	2.0	4-7	1,000	11.0	4-10	1,680	18.0	7=>10	1010	4	4-7-10	4330	13	6,7(3,10)(1,2)8,9,5,4	(*6,7)3(1,10)(2,8)(5,9)4	(*4,7)(6,1,10)3(5,2)-9 8	7(4,1)10,6,5,3-2=9 8	6.7 - 12.0 - 12.9 - 13.6 - 13.4 - 12.6 - 12.4 - 12.3 - 12.6	6.7 - 18.7 - 31.6 - 45.2 - 58.6 - 71.2 - 83.6 - 95.9 - 108.5 (31.6-37.3)
200201020703	ダ	右	1000	曇	良	10:50	3歳未勝利		2002-9-28	2	札幌	7	3歳未勝利	(混)[指](馬齢)	8	3650	9	8	790	11	12	240	4	3	120	1	6-8	530	3	8-12	18410.0	38.0	8-12	2,340	25.0	3-8	3,110	32.0	3-12	570	5.0	8=>12	55680	86	3-8-12	18730	55			(3,*4,8)(2,9,12)6,7-11-5-1,10	(*3,8)4(2,12)9,6,7,11-5-(1,10)	12.8 - 11.4 - 11.8 - 11.9 - 12.9	12.8 - 24.2 - 36.0 - 47.9 - 60.8 (36.0-36.6)
200201020704	ダ	右	1700	曇	良	11:15	3歳未勝利		2002-9-28	2	札幌	7	3歳未勝利	[指](馬齢)	5	200	1	5	110	1	7	130	2	6	190	4	4-5	290	1	5-7	420.0	1.0	5-7	160	1.0	5-6	490	5.0	6-7	490	6.0	5=>7	660	1	5-6-7	1140	2	5(3,12,13)(1,4,10)(2,7)-9,8-(6,11)	5(3,12,13)4(1,10)(2,7)9,8=11,6	5-3(1,12)(2,13,10,7)(9,4)-8,6-11	5=1,7,12,3,10(6,2)9(4,11)13-8	6.8 - 11.3 - 12.3 - 12.8 - 13.0 - 12.5 - 12.5 - 12.7 - 13.8	6.8 - 18.1 - 30.4 - 43.2 - 56.2 - 68.7 - 81.2 - 93.9 - 107.7 (30.4-39.0)
200201020705	ダ	右	1000	曇	良	12:15	2歳新馬		2002-9-28	2	札幌	7	2歳新馬	[指](馬齢)	1	170	1	1	100	1	6	170	4	3	140	2	1-6	730	3	1-6	650.0	3.0	1-6	270	4.0	1-3	170	1.0	3-6	420	5.0	1=>6	880	3	1-3-6	730	1			1,3,6(7,8)9,4,5,2	1,3,6-(8,9)7-2,4-5	12.9 - 11.2 - 11.8 - 12.2 - 12.8	12.9 - 24.1 - 35.9 - 48.1 - 60.9 (35.9-36.8)
200201020706	芝	右	1200	曇	良	12:45	3歳未勝利		2002-9-28	2	札幌	7	3歳未勝利	(混)[指](馬齢)	2	360	1	2	140	2	15	130	1	12	250	4	1-8	430	1	2-15	580.0	1.0	2-15	200	1.0	2-12	550	4.0	12-15	650	7.0	2=>15	1190	2	2-12-15	2180	3			(*2,11,15)6(10,13)4(1,5,7)(8,12)(3,14)16,9	(*2,15)6,11(4,10,13)5(1,8,7)(12,16)(3,14)=9	12.4 - 10.9 - 11.4 - 11.7 - 12.4 - 12.2	12.4 - 23.3 - 34.7 - 46.4 - 58.8 - 71.0 (34.7-36.3)
200201020707	ダ	右	1000	曇	良	13:15	3歳以上500万下		2002-9-28	2	札幌	7	3歳以上500万下	[指](別定)	5	160	1	5	100	1	4	180	4	3	330	6	4-5	370	2	4-5	500.0	2.0	4-5	210	1.0	3-5	460	5.0	3-4	980	13.0	5=>4	650	1	3-4-5	1890	6			(4,*6)5(3,8)(7,9)(10,12)2-(11,1)	(*4,6)5-3,7,8,9(2,10,12)1,11	12.6 - 11.1 - 11.5 - 11.9 - 12.8	12.6 - 23.7 - 35.2 - 47.1 - 59.9 (35.2-36.2)
200201020708	ダ	右	1700	曇	良	13:45	3歳以上500万下		2002-9-28	2	札幌	7	3歳以上500万下	(混)[指](別定)	10	230	1	10	110	1	11	200	4	8	130	2	7-7	1010	5	10-11	930.0	3.0	10-11	350	3.0	8-10	210	1.0	8-11	400	5.0	10=>11	1260	3	8-10-11	1170	2	10(9,11)(2,13)(7,12)(1,6)5(3,4,8)	10,11,9(2,13)7,12(1,6)8(3,5)4	(*10,11)(9,13)(2,7)8(1,12)(6,5)3,4	10(9,11)13(2,7,8)-1(6,12,3)5-4	6.7 - 11.1 - 12.2 - 12.9 - 12.8 - 12.6 - 12.6 - 12.6 - 13.4	6.7 - 17.8 - 30.0 - 42.9 - 55.7 - 68.3 - 80.9 - 93.5 - 106.9 (30.0-38.6)
200201020709	芝	右	2000	曇	良	14:20	3歳以上500万下		2002-9-28	2	札幌	7	3歳以上500万下	(混)(特指)(別定)	3	720	3	3	320	4	6	300	3	5	760	9	3-4	1710	6	3-6	3160.0	10.0	3-6	1,070	11.0	3-5	3,370	36.0	5-6	2,020	20.0	3=>6	7130	20	3-5-6	17540	56	11-2,6-3-14(1,5,10)(4,12,13)8,9-7	11=2,6-3-14(1,10)5(4,12,13)(8,9)-7	11-(2,6)-3-5(4,10)(12,13)14,9(1,8)7	(2,*6)3(11,5)4(12,13)10,9,8(14,7)1	12.9 - 11.0 - 11.9 - 11.9 - 11.9 - 12.7 - 12.9 - 12.1 - 12.8 - 11.8	12.9 - 23.9 - 35.8 - 47.7 - 59.6 - 72.3 - 85.2 - 97.3 - 110.1 - 121.9 (35.8-36.7)
200201020710	芝	右	1200	小雨	良	14:55	朝里川特別 		2002-9-28	2	札幌	7	3歳以上500万下	(混)[指](別定)	1	270	1	1	160	1	14	890	10	9	310	6	1-8	1620	7	1-14	9840.0	28.0	1-14	2,620	27.0	1-9	540	3.0	9-14	4,920	47.0	1=>14	13160	42	1-9-14	22610	69			1(9,14)2(6,12,15)3(5,11)(4,8,10)(13,7)	1(2,9,14)(6,12,15)11,3(5,8,10)4,7-13	12.2 - 10.9 - 11.2 - 11.8 - 12.2 - 12.1	12.2 - 23.1 - 34.3 - 46.1 - 58.3 - 70.4 (34.3-36.1)
200201020711	芝	右	1800	小雨	良	15:30	札幌2歳ステークス	G3	2002-9-28	2	札幌	7	2歳オープン	(混)(特指)(定量)	1	290	2	1	130	2	3	150	4	8	120	1	1-3	890	4	1-3	910.0	4.0	1-3	350	4.0	1-8	220	1.0	3-8	280	3.0	1=>3	1650	6	1-3-8	860	1	(*2,9)(3,7)1(4,8)6-5	(*2,9)(3,7)(1,8)(4,6)5	(*2,9)(7,8)(3,5)4(1,6)	(*2,7,8)(9,5)(1,3,4)6	12.3 - 11.8 - 12.9 - 13.0 - 13.3 - 12.7 - 12.2 - 12.0 - 11.5	12.3 - 24.1 - 37.0 - 50.0 - 63.3 - 76.0 - 88.2 - 100.2 - 111.7 (37.0-35.7)
200201020801	ダ	右	1000	曇	不良	09:55	3歳未勝利		2002-9-29	2	札幌	8	3歳未勝利	牝[指](馬齢)	2	540	3	2	160	2	3	190	4	1	540	7	2-3	1680	6	2-3	1490.0	7.0	2-3	580	6.0	1-2	1,660	16.0	1-3	2,770	22.0	2=>3	2590	10	1-2-3	9000	28			1,9,2-10(3,5,11,12)-(6,7)8=4	1-(9,2)-(3,10)5,6(7,12)11,8=4	12.5 - 10.9 - 11.6 - 12.3 - 12.9	12.5 - 23.4 - 35.0 - 47.3 - 60.2 (35.0-36.8)
200201020802	ダ	右	1700	曇	不良	10:20	3歳未勝利		2002-9-29	2	札幌	8	3歳未勝利	[指](馬齢)	1	400	2	1	130	2	5	120	1	8	130	3	1-5	470	1	1-5	540.0	1.0	1-5	200	1.0	1-8	350	3.0	5-8	260	2.0	1=>5	1060	2	1-5-8	810	1	(*3,5)(6,10)(1,11)(2,8)9,4,7	(*3,5)(6,10)(1,2,8,11)9,4,7	(*5,10)6(1,2,9)(8,11)-4,7 3	5-(1,6)10,2,8,7,9-11,4 3	6.7 - 11.9 - 13.0 - 13.6 - 12.6 - 12.2 - 12.3 - 12.2 - 13.0	6.7 - 18.6 - 31.6 - 45.2 - 57.8 - 70.0 - 82.3 - 94.5 - 107.5 (31.6-37.5)
200201020803	芝	右	1200	曇	稍重	10:45	3歳未勝利		2002-9-29	2	札幌	8	3歳未勝利	[指](馬齢)	11	480	2	11	170	2	14	140	1	8	190	3	6-7	450	1	11-14	750.0	1.0	11-14	280	1.0	8-11	560	6.0	8-14	360	3.0	11=>14	1640	3	8-11-14	1230	1			(*14,15)-11,3(5,8)(4,7,9)(1,6)(2,16,13)12=10	14(3,15,11)(1,8)(4,16,5,7,6,9)(2,12,13)-10	12.3 - 11.2 - 11.5 - 11.9 - 12.7 - 12.1	12.3 - 23.5 - 35.0 - 46.9 - 59.6 - 71.7 (35.0-36.7)
200201020804	芝	右	2000	小雨	稍重	11:10	3歳未勝利		2002-9-29	2	札幌	8	3歳未勝利	(混)[指](馬齢)	2	410	2	2	150	2	11	380	5	1	1,020	11	2-7	390	1	2-11	3270.0	12.0	2-11	1,010	11.0	1-2	2,460	28.0	1-11	9,100	57.0	2=>11	5010	17	1-2-11	35890	97	(*8,11)(9,5,13)(4,7)(2,3,14)12(1,6,10)	8,11(9,13)5(4,7,3)2,12(6,14)1,10	(*8,11)(9,5,13,3,12)(4,2,7,14)6,1-10	(*8,11)5(4,2,3)(9,13,7,12)(1,6,14)=10	13.0 - 11.8 - 13.0 - 13.2 - 13.0 - 13.3 - 12.6 - 12.0 - 12.5 - 12.1	13.0 - 24.8 - 37.8 - 51.0 - 64.0 - 77.3 - 89.9 - 101.9 - 114.4 - 126.5 (37.8-36.6)
200201020805	芝	右	1200	小雨	稍重	12:10	2歳新馬		2002-9-29	2	札幌	8	2歳新馬	(混)[指](馬齢)	10	420	2	10	130	3	8	150	4	9	110	1	6-7	280	1	8-10	1040.0	5.0	8-10	370	5.0	9-10	180	1.0	8-9	290	3.0	10=>8	1920	8	8-9-10	800	2			(1,*8)-10(4,9)(5,11)13-(6,7,12)-3,2	8(10,9)(1,4,13)(5,11)6(7,12)3-2	12.2 - 10.8 - 11.6 - 12.4 - 12.9 - 12.3	12.2 - 23.0 - 34.6 - 47.0 - 59.9 - 72.2 (34.6-37.6)
200201020806	ダ	右	1700	曇	不良	12:35	3歳以上500万下		2002-9-29	2	札幌	8	3歳以上500万下	牝[指](別定)	5	720	4	5	200	2	10	210	3	2	320	6	4-7	1180	6	5-10	2450.0	11.0	5-10	900	7.0	2-5	1,050	14.0	2-10	1,250	16.0	5=>10	5610	19	2-5-10	8820	29	(*11,10)13(2,5,7,12)4(1,9)6,8,3	(*11,10)-(2,5,13)(1,4,7,12)9(3,6)8	10(11,5)2(7,12)(1,9)(4,13)(3,6,8)	10-5,2-(1,11,7)(4,8)(12,9)(3,6)-13	6.9 - 11.3 - 12.1 - 12.3 - 12.4 - 12.5 - 12.3 - 12.4 - 13.4	6.9 - 18.2 - 30.3 - 42.6 - 55.0 - 67.5 - 79.8 - 92.2 - 105.6 (30.3-38.1)
200201020807	ダ	右	1000	曇	不良	13:05	3歳以上500万下		2002-9-29	2	札幌	8	3歳以上500万下	[指](別定)	3	7770	11	3	830	10	7	250	5	2	270	6	3-6	14280	26	3-7	25530.0	43.0	3-7	6,070	45.0	2-3	4,830	39.0	2-7	1,160	17.0	3=>7	66700	97	2-3-7	54320	114			7(2,6)(3,4,10,11,12)5(1,8,9)	7,2(3,6)11(4,10,12)(5,8,9)1	12.5 - 10.9 - 11.7 - 11.9 - 12.6	12.5 - 23.4 - 35.1 - 47.0 - 59.6 (35.1-36.2)
200201020808	ダ	右	1700	曇	不良	13:35	3歳以上500万下		2002-9-29	2	札幌	8	3歳以上500万下	(特指)(別定)	7	2210	7	7	900	10	8	810	8	10	300	4	5-6	3190	12	7-8	15420.0	38.0	7-8	6,950	48.0	7-10	2,860	30.0	8-10	2,770	28.0	7=>8	44670	88	7-8-10	51690	117	(*2,7)10(4,6,11)13(5,8)12,3,9-1	(*2,7)(6,10)(4,11)(5,13)8-(3,12)(1,9)	2(7,10)(6,11,13)5(4,8)-1-3,9,12	(*7,10)(6,11,13)2(4,5,8)1-(3,9)=12	7.0 - 10.9 - 11.9 - 12.4 - 12.5 - 12.5 - 12.5 - 12.4 - 12.8	7.0 - 17.9 - 29.8 - 42.2 - 54.7 - 67.2 - 79.7 - 92.1 - 104.9 (29.8-37.7)
200201020809	芝	右	1200	曇	稍重	14:10	3歳以上500万下		2002-9-29	2	札幌	8	3歳以上500万下	[指](別定)	15	720	2	15	200	2	11	360	5	2	490	8	6-8	1200	5	11-15	2640.0	10.0	11-15	1,120	10.0	2-15	1,610	17.0	2-11	2,820	35.0	15=>11	4550	14	2-11-15	11310	39			(*4,15)-11,12(2,6,9,13)(1,10)(5,8,14)(3,7)	(*4,15)(2,11)(12,13)(3,1,9)(6,5,10,14)(8,7)	12.0 - 11.3 - 11.4 - 11.6 - 12.8 - 12.1	12.0 - 23.3 - 34.7 - 46.3 - 59.1 - 71.2 (34.7-36.5)
200201020810	芝	右	1200	曇	稍重	14:45	すずらん賞 		2002-9-29	2	札幌	8	2歳オープン	(混)(特指)(別定)	6	500	3	6	220	3	2	630	8	1	130	2	2-5	8190	20	2-6	6550.0	20.0	2-6	1,790	21.0	1-6	420	3.0	1-2	1,260	15.0	6=>2	11600	34	1-2-6	6270	19			6(3,4,10)7(2,1)(8,11)5(9,12)	6-(2,4,10)(1,7)(3,8)(5,11,12)-9	12.3 - 10.9 - 11.5 - 11.5 - 12.9 - 12.4	12.3 - 23.2 - 34.7 - 46.2 - 59.1 - 71.5 (34.7-36.8)
200201020811	芝	右	1200	曇	稍重	15:25	STV賞 		2002-9-29	2	札幌	8	3歳以上1000万下	(混)[指](ハンデ)	14	960	4	14	260	4	5	210	2	10	290	5	3-7	1090	4	5-14	2260.0	8.0	5-14	860	8.0	10-14	1,410	15.0	5-10	1,090	9.0	14=>5	4800	17	5-10-14	7370	20			14,12,4(5,13)(15,16)(2,7,11)(8,9)(1,6)10,3	14-(5,12)(4,2,1,13)(6,8,16)(7,11)(3,15)(10,9)	11.8 - 10.9 - 11.2 - 11.4 - 12.6 - 12.8	11.8 - 22.7 - 33.9 - 45.3 - 57.9 - 70.7 (33.9-36.8)
200201020812	芝	右	1800	曇	稍重	16:10	利尻特別 		2002-9-29	2	札幌	8	3歳以上500万下	(混)(特指)(別定)	10	3650	10	10	960	10	2	180	3	5	280	5	2-6	1610	7	2-10	14000.0	34.0	2-10	3,400	33.0	5-10	4,260	38.0	2-5	780	8.0	10=>2	31720	72	2-5-10	24760	69	3,2(7,8)(5,9,14)(4,10,12,13)11,6,1	3-2(7,8)(5,9)14(10,13)(4,12)11-(6,1)	3,2(5,9,8,14,13)(7,12)(4,10,11)1,6	(3,*2)14(5,9,8)(12,13)(10,11)(4,1)6,7	13.1 - 12.0 - 12.2 - 12.0 - 12.5 - 12.3 - 12.2 - 12.8 - 12.2	13.1 - 25.1 - 37.3 - 49.3 - 61.8 - 74.1 - 86.3 - 99.1 - 111.3 (37.3-37.2)
200201020712	芝	右	1800	小雨	良	16:10	道新スポーツ賞 		2002-9-28	2	札幌	7	3歳以上1000万下	(混)(特指)(別定)	2	150	1	2	100	1	3	140	2	13	500	9	2-3	340	1	2-3	350	1	2-3	170	1	2-13	820	8	3-13	1,500	18	2=>3	470	1	2-3-13	2980	8	7,8-6(9,11)(3,10,14)4,12(2,13)(1,5)	7,8-6(3,9)(4,10,11)14(1,2,12)13,5	(7,*8,6,9,11)(3,10,2,12,14)-(1,13)4,5	8(3,11)(9,2)(10,12,14)13(7,1,6)=4,5	12.5 - 11.6 - 12.4 - 12.1 - 12.7 - 12.1 - 12.0 - 12.6 - 12.1	12.5 - 24.1 - 36.5 - 48.6 - 61.3 - 73.4 - 85.4 - 98.0 - 110.1 (36.5-36.7)
